 120 
 3 1 
 1 2 3
 2 3 1
 3 1 2
 2 
 20 1 urg0
 20 1 urg1
 3196 
 1 0 1 1 -54 2 
 1 0 1 3 -54 2 
 1 1 1 2 -54 2 
 1 0 1 5 -54 2 
 1 2 1 4 -54 2 
 1 0 1 7 -54 2 
 1 3 1 6 -54 2 
 1 0 1 9 -54 2 
 1 4 1 8 -54 2 
 1 0 1 11 -54 2 
 1 5 1 10 -54 2 
 1 0 1 13 -54 2 
 1 6 1 12 -54 2 
 1 0 2 15 -48 2 
 1 6 2 14 -48 2 
 1 0 3 17 -42 2 
 1 6 3 16 -42 2 
 1 0 4 19 -36 2 
 1 6 4 18 -36 2 
 1 0 5 21 -30 2 
 1 6 5 20 -30 2 
 1 0 1 23 -54 2 
 1 7 1 22 -54 3 
 1 0 2 25 -48 2 
 1 7 2 24 -48 3 
 1 0 3 27 -42 2 
 1 7 3 26 -42 3 
 1 0 4 29 -36 2 
 1 7 4 28 -36 3 
 1 0 1 31 -54 2 
 1 8 1 30 -54 3 
 1 0 2 33 -48 2 
 1 8 2 32 -48 3 
 1 0 3 35 -42 2 
 1 8 3 34 -42 3 
 1 0 1 37 -54 2 
 1 9 1 36 -54 3 
 1 0 2 39 -48 2 
 1 9 2 38 -48 3 
 1 0 1 41 -54 2 
 1 10 1 40 -54 3 
 1 0 1 43 -54 2 
 1 11 1 42 -54 2 
 1 0 2 45 -48 2 
 1 11 2 44 -48 2 
 1 0 3 47 -42 2 
 1 11 3 46 -42 2 
 1 0 4 49 -36 2 
 1 11 4 48 -36 2 
 1 0 1 51 -54 2 
 1 12 1 50 -54 3 
 1 0 2 53 -48 2 
 1 12 2 52 -48 3 
 1 0 3 55 -42 2 
 1 12 3 54 -42 3 
 1 0 1 57 -54 2 
 1 13 1 56 -54 3 
 1 0 2 59 -48 2 
 1 13 2 58 -48 3 
 1 0 1 61 -54 2 
 1 14 1 60 -54 3 
 1 0 1 63 -54 2 
 1 15 1 62 -54 2 
 1 0 2 65 -48 2 
 1 15 2 64 -48 2 
 1 0 3 67 -42 2 
 1 15 3 66 -42 2 
 1 0 4 69 -36 2 
 1 15 4 68 -36 2 
 1 0 5 71 -30 2 
 1 15 5 70 -30 2 
 1 0 1 73 -54 2 
 1 16 1 72 -54 3 
 1 0 2 75 -48 2 
 1 16 2 74 -48 3 
 1 0 3 77 -42 2 
 1 16 3 76 -42 3 
 1 0 4 79 -36 2 
 1 16 4 78 -36 3 
 1 0 1 81 -54 2 
 1 17 1 80 -54 3 
 1 0 2 83 -48 2 
 1 17 2 82 -48 3 
 1 0 3 85 -42 2 
 1 17 3 84 -42 3 
 1 0 1 87 -54 2 
 1 18 1 86 -54 3 
 1 0 2 89 -48 2 
 1 18 2 88 -48 3 
 1 0 1 91 -54 2 
 1 19 1 90 -54 3 
 1 0 1 93 -54 2 
 2 0 1 92 -54 2 
 1 0 1 95 -54 2 
 2 1 1 94 -54 2 
 1 0 1 97 -54 2 
 2 2 1 96 -54 2 
 1 0 1 99 -54 2 
 2 3 1 98 -54 2 
 1 0 2 101 -48 2 
 2 3 2 100 -48 2 
 1 0 1 103 -54 2 
 2 4 1 102 -54 3 
 1 0 1 105 -54 2 
 2 5 1 104 -54 2 
 1 0 1 107 -54 2 
 2 6 1 106 -54 2 
 1 0 1 109 -54 2 
 2 7 1 108 -54 2 
 1 0 2 111 -48 2 
 2 7 2 110 -48 2 
 1 0 1 113 -54 2 
 2 8 1 112 -54 3 
 1 0 1 115 -54 2 
 2 9 1 114 -54 2 
 1 0 1 117 -54 2 
 2 10 1 116 -54 2 
 1 0 1 119 -54 2 
 2 11 1 118 -54 2 
 1 0 1 121 -54 2 
 2 12 1 120 -54 2 
 1 0 2 123 -48 2 
 2 12 2 122 -48 2 
 1 0 3 125 -42 2 
 2 12 3 124 -42 2 
 1 0 4 127 -36 2 
 2 12 4 126 -36 2 
 1 0 5 129 -30 2 
 2 12 5 128 -30 2 
 1 0 6 131 -24 2 
 2 12 6 130 -24 2 
 1 0 1 133 -54 2 
 2 13 1 132 -54 3 
 1 0 2 135 -48 2 
 2 13 2 134 -48 3 
 1 0 3 137 -42 2 
 2 13 3 136 -42 3 
 1 0 4 139 -36 2 
 2 13 4 138 -36 3 
 1 0 5 141 -30 2 
 2 13 5 140 -30 3 
 1 0 7 143 -18 2 
 2 13 7 142 -18 3 
 1 0 1 145 -54 2 
 2 14 1 144 -54 3 
 1 0 2 147 -48 2 
 2 14 2 146 -48 3 
 1 0 3 149 -42 2 
 2 14 3 148 -42 3 
 1 0 4 151 -36 2 
 2 14 4 150 -36 3 
 1 0 6 153 -24 2 
 2 14 6 152 -24 3 
 1 0 1 155 -54 2 
 2 15 1 154 -54 3 
 1 0 2 157 -48 2 
 2 15 2 156 -48 3 
 1 0 3 159 -42 2 
 2 15 3 158 -42 3 
 1 0 5 161 -30 2 
 2 15 5 160 -30 3 
 1 0 1 163 -54 2 
 2 16 1 162 -54 3 
 1 0 2 165 -48 2 
 2 16 2 164 -48 3 
 1 0 4 167 -36 2 
 2 16 4 166 -36 3 
 1 0 1 169 -54 2 
 2 17 1 168 -54 3 
 1 0 3 171 -42 2 
 2 17 3 170 -42 3 
 1 0 2 173 -48 2 
 2 18 2 172 -48 3 
 1 0 1 175 -54 2 
 2 19 1 174 -54 3 
 1 1 1 176 -54 2 
 1 1 1 178 -54 2 
 1 2 1 177 -54 2 
 1 1 1 180 -54 2 
 1 3 1 179 -54 2 
 1 1 1 182 -54 2 
 1 4 1 181 -54 2 
 1 1 1 184 -54 2 
 1 5 1 183 -54 2 
 1 1 1 186 -54 2 
 1 6 1 185 -54 2 
 1 1 2 188 -48 2 
 1 6 2 187 -48 2 
 1 1 3 190 -42 2 
 1 6 3 189 -42 2 
 1 1 4 192 -36 2 
 1 6 4 191 -36 2 
 1 1 5 194 -30 2 
 1 6 5 193 -30 2 
 1 1 1 196 -54 2 
 1 7 1 195 -54 3 
 1 1 2 198 -48 2 
 1 7 2 197 -48 3 
 1 1 3 200 -42 2 
 1 7 3 199 -42 3 
 1 1 4 202 -36 2 
 1 7 4 201 -36 3 
 1 1 1 204 -54 2 
 1 8 1 203 -54 3 
 1 1 2 206 -48 2 
 1 8 2 205 -48 3 
 1 1 3 208 -42 2 
 1 8 3 207 -42 3 
 1 1 1 210 -54 2 
 1 9 1 209 -54 3 
 1 1 2 212 -48 2 
 1 9 2 211 -48 3 
 1 1 1 214 -54 2 
 1 10 1 213 -54 3 
 1 1 1 216 -54 2 
 1 11 1 215 -54 2 
 1 1 2 218 -48 2 
 1 11 2 217 -48 2 
 1 1 3 220 -42 2 
 1 11 3 219 -42 2 
 1 1 4 222 -36 2 
 1 11 4 221 -36 2 
 1 1 1 224 -54 2 
 1 12 1 223 -54 3 
 1 1 2 226 -48 2 
 1 12 2 225 -48 3 
 1 1 3 228 -42 2 
 1 12 3 227 -42 3 
 1 1 1 230 -54 2 
 1 13 1 229 -54 3 
 1 1 2 232 -48 2 
 1 13 2 231 -48 3 
 1 1 1 234 -54 2 
 1 14 1 233 -54 3 
 1 1 1 236 -54 2 
 1 15 1 235 -54 2 
 1 1 2 238 -48 2 
 1 15 2 237 -48 2 
 1 1 3 240 -42 2 
 1 15 3 239 -42 2 
 1 1 4 242 -36 2 
 1 15 4 241 -36 2 
 1 1 5 244 -30 2 
 1 15 5 243 -30 2 
 1 1 1 246 -54 2 
 1 16 1 245 -54 3 
 1 1 2 248 -48 2 
 1 16 2 247 -48 3 
 1 1 3 250 -42 2 
 1 16 3 249 -42 3 
 1 1 4 252 -36 2 
 1 16 4 251 -36 3 
 1 1 1 254 -54 2 
 1 17 1 253 -54 3 
 1 1 2 256 -48 2 
 1 17 2 255 -48 3 
 1 1 3 258 -42 2 
 1 17 3 257 -42 3 
 1 1 1 260 -54 2 
 1 18 1 259 -54 3 
 1 1 2 262 -48 2 
 1 18 2 261 -48 3 
 1 1 1 264 -54 2 
 1 19 1 263 -54 3 
 1 1 1 266 -54 2 
 2 0 1 265 -54 2 
 1 1 1 268 -54 2 
 2 1 1 267 -54 2 
 1 1 1 270 -54 2 
 2 2 1 269 -54 2 
 1 1 1 272 -54 2 
 2 3 1 271 -54 2 
 1 1 2 274 -48 2 
 2 3 2 273 -48 2 
 1 1 1 276 -54 2 
 2 4 1 275 -54 3 
 1 1 1 278 -54 2 
 2 5 1 277 -54 2 
 1 1 1 280 -54 2 
 2 6 1 279 -54 2 
 1 1 1 282 -54 2 
 2 7 1 281 -54 2 
 1 1 2 284 -48 2 
 2 7 2 283 -48 2 
 1 1 1 286 -54 2 
 2 8 1 285 -54 3 
 1 1 1 288 -54 2 
 2 9 1 287 -54 2 
 1 1 1 290 -54 2 
 2 10 1 289 -54 2 
 1 1 1 292 -54 2 
 2 11 1 291 -54 2 
 1 1 1 294 -54 2 
 2 12 1 293 -54 2 
 1 1 2 296 -48 2 
 2 12 2 295 -48 2 
 1 1 3 298 -42 2 
 2 12 3 297 -42 2 
 1 1 4 300 -36 2 
 2 12 4 299 -36 2 
 1 1 5 302 -30 2 
 2 12 5 301 -30 2 
 1 1 1 304 -54 2 
 2 13 1 303 -54 3 
 1 1 2 306 -48 2 
 2 13 2 305 -48 3 
 1 1 3 308 -42 2 
 2 13 3 307 -42 3 
 1 1 4 310 -36 2 
 2 13 4 309 -36 3 
 1 1 6 312 -24 2 
 2 13 6 311 -24 3 
 1 1 1 314 -54 2 
 2 14 1 313 -54 3 
 1 1 2 316 -48 2 
 2 14 2 315 -48 3 
 1 1 3 318 -42 2 
 2 14 3 317 -42 3 
 1 1 5 320 -30 2 
 2 14 5 319 -30 3 
 1 1 6 322 -24 2 
 2 14 6 321 -24 3 
 1 1 1 324 -54 2 
 2 15 1 323 -54 3 
 1 1 2 326 -48 2 
 2 15 2 325 -48 3 
 1 1 4 328 -36 2 
 2 15 4 327 -36 3 
 1 1 5 330 -30 2 
 2 15 5 329 -30 3 
 1 1 1 332 -54 2 
 2 16 1 331 -54 3 
 1 1 3 334 -42 2 
 2 16 3 333 -42 3 
 1 1 4 336 -36 2 
 2 16 4 335 -36 3 
 1 1 2 338 -48 2 
 2 17 2 337 -48 3 
 1 1 3 340 -42 2 
 2 17 3 339 -42 3 
 1 1 1 342 -54 2 
 2 18 1 341 -54 3 
 1 1 2 344 -48 2 
 2 18 2 343 -48 3 
 1 1 1 346 -54 2 
 2 19 1 345 -54 3 
 1 2 1 347 -54 2 
 1 2 9 348 -6 2 
 1 2 1 350 -54 2 
 1 3 1 349 -54 2 
 1 2 8 352 -12 2 
 1 3 8 351 -12 2 
 1 2 1 354 -54 2 
 1 4 1 353 -54 2 
 1 2 7 356 -18 2 
 1 4 7 355 -18 2 
 1 2 1 358 -54 2 
 1 5 1 357 -54 2 
 1 2 6 360 -24 2 
 1 5 6 359 -24 2 
 1 2 1 362 -54 2 
 1 6 1 361 -54 2 
 1 2 2 364 -48 2 
 1 6 2 363 -48 2 
 1 2 3 366 -42 2 
 1 6 3 365 -42 2 
 1 2 4 368 -36 2 
 1 6 4 367 -36 2 
 1 2 5 370 -30 2 
 1 6 5 369 -30 2 
 1 2 1 372 -54 2 
 1 7 1 371 -54 3 
 1 2 2 374 -48 2 
 1 7 2 373 -48 3 
 1 2 3 376 -42 2 
 1 7 3 375 -42 3 
 1 2 4 378 -36 2 
 1 7 4 377 -36 3 
 1 2 1 380 -54 2 
 1 8 1 379 -54 3 
 1 2 2 382 -48 2 
 1 8 2 381 -48 3 
 1 2 3 384 -42 2 
 1 8 3 383 -42 3 
 1 2 1 386 -54 2 
 1 9 1 385 -54 3 
 1 2 2 388 -48 2 
 1 9 2 387 -48 3 
 1 2 1 390 -54 2 
 1 10 1 389 -54 3 
 1 2 1 392 -54 2 
 1 11 1 391 -54 2 
 1 2 2 394 -48 2 
 1 11 2 393 -48 2 
 1 2 3 396 -42 2 
 1 11 3 395 -42 2 
 1 2 4 398 -36 2 
 1 11 4 397 -36 2 
 1 2 1 400 -54 2 
 1 12 1 399 -54 3 
 1 2 2 402 -48 2 
 1 12 2 401 -48 3 
 1 2 3 404 -42 2 
 1 12 3 403 -42 3 
 1 2 1 406 -54 2 
 1 13 1 405 -54 3 
 1 2 2 408 -48 2 
 1 13 2 407 -48 3 
 1 2 1 410 -54 2 
 1 14 1 409 -54 3 
 1 2 6 412 -24 2 
 1 14 6 411 -24 3 
 1 2 1 414 -54 2 
 1 15 1 413 -54 2 
 1 2 2 416 -48 2 
 1 15 2 415 -48 2 
 1 2 3 418 -42 2 
 1 15 3 417 -42 2 
 1 2 4 420 -36 2 
 1 15 4 419 -36 2 
 1 2 5 422 -30 2 
 1 15 5 421 -30 2 
 1 2 1 424 -54 2 
 1 16 1 423 -54 3 
 1 2 2 426 -48 2 
 1 16 2 425 -48 3 
 1 2 3 428 -42 2 
 1 16 3 427 -42 3 
 1 2 4 430 -36 2 
 1 16 4 429 -36 3 
 1 2 1 432 -54 2 
 1 17 1 431 -54 3 
 1 2 2 434 -48 2 
 1 17 2 433 -48 3 
 1 2 3 436 -42 2 
 1 17 3 435 -42 3 
 1 2 1 438 -54 2 
 1 18 1 437 -54 3 
 1 2 2 440 -48 2 
 1 18 2 439 -48 3 
 1 2 1 442 -54 2 
 1 19 1 441 -54 3 
 1 2 1 444 -54 2 
 2 0 1 443 -54 2 
 1 2 1 446 -54 2 
 2 1 1 445 -54 2 
 1 2 1 448 -54 2 
 2 2 1 447 -54 2 
 1 2 1 450 -54 2 
 2 3 1 449 -54 2 
 1 2 2 452 -48 2 
 2 3 2 451 -48 2 
 1 2 1 454 -54 2 
 2 4 1 453 -54 3 
 1 2 1 456 -54 2 
 2 5 1 455 -54 2 
 1 2 1 458 -54 2 
 2 6 1 457 -54 2 
 1 2 1 460 -54 2 
 2 7 1 459 -54 2 
 1 2 2 462 -48 2 
 2 7 2 461 -48 2 
 1 2 1 464 -54 2 
 2 8 1 463 -54 3 
 1 2 1 466 -54 2 
 2 9 1 465 -54 2 
 1 2 1 468 -54 2 
 2 10 1 467 -54 2 
 1 2 1 470 -54 2 
 2 11 1 469 -54 2 
 1 2 1 472 -54 2 
 2 12 1 471 -54 2 
 1 2 2 474 -48 2 
 2 12 2 473 -48 2 
 1 2 3 476 -42 2 
 2 12 3 475 -42 2 
 1 2 4 478 -36 2 
 2 12 4 477 -36 2 
 1 2 1 480 -54 2 
 2 13 1 479 -54 3 
 1 2 2 482 -48 2 
 2 13 2 481 -48 3 
 1 2 3 484 -42 2 
 2 13 3 483 -42 3 
 1 2 5 486 -30 2 
 2 13 5 485 -30 3 
 1 2 1 488 -54 2 
 2 14 1 487 -54 3 
 1 2 2 490 -48 2 
 2 14 2 489 -48 3 
 1 2 4 492 -36 2 
 2 14 4 491 -36 3 
 1 2 5 494 -30 2 
 2 14 5 493 -30 3 
 1 2 1 496 -54 2 
 2 15 1 495 -54 3 
 1 2 3 498 -42 2 
 2 15 3 497 -42 3 
 1 2 4 500 -36 2 
 2 15 4 499 -36 3 
 1 2 5 502 -30 2 
 2 15 5 501 -30 3 
 1 2 2 504 -48 2 
 2 16 2 503 -48 3 
 1 2 3 506 -42 2 
 2 16 3 505 -42 3 
 1 2 4 508 -36 2 
 2 16 4 507 -36 3 
 1 2 1 510 -54 2 
 2 17 1 509 -54 3 
 1 2 2 512 -48 2 
 2 17 2 511 -48 3 
 1 2 3 514 -42 2 
 2 17 3 513 -42 3 
 1 2 1 516 -54 2 
 2 18 1 515 -54 3 
 1 2 2 518 -48 2 
 2 18 2 517 -48 3 
 1 2 1 520 -54 2 
 2 19 1 519 -54 3 
 1 3 1 521 -54 2 
 1 3 7 522 -18 2 
 1 3 1 524 -54 2 
 1 4 1 523 -54 2 
 1 3 6 526 -24 2 
 1 4 6 525 -24 2 
 1 3 1 528 -54 2 
 1 5 1 527 -54 2 
 1 3 5 530 -30 2 
 1 5 5 529 -30 2 
 1 3 1 532 -54 2 
 1 6 1 531 -54 2 
 1 3 2 534 -48 2 
 1 6 2 533 -48 2 
 1 3 3 536 -42 2 
 1 6 3 535 -42 2 
 1 3 4 538 -36 2 
 1 6 4 537 -36 2 
 1 3 1 540 -54 2 
 1 7 1 539 -54 3 
 1 3 2 542 -48 2 
 1 7 2 541 -48 3 
 1 3 3 544 -42 2 
 1 7 3 543 -42 3 
 1 3 4 546 -36 2 
 1 7 4 545 -36 3 
 1 3 1 548 -54 2 
 1 8 1 547 -54 3 
 1 3 2 550 -48 2 
 1 8 2 549 -48 3 
 1 3 3 552 -42 2 
 1 8 3 551 -42 3 
 1 3 1 554 -54 2 
 1 9 1 553 -54 3 
 1 3 2 556 -48 2 
 1 9 2 555 -48 3 
 1 3 1 558 -54 2 
 1 10 1 557 -54 3 
 1 3 5 560 -30 2 
 1 10 5 559 -30 3 
 1 3 1 562 -54 2 
 1 11 1 561 -54 2 
 1 3 2 564 -48 2 
 1 11 2 563 -48 2 
 1 3 3 566 -42 2 
 1 11 3 565 -42 2 
 1 3 4 568 -36 2 
 1 11 4 567 -36 2 
 1 3 1 570 -54 2 
 1 12 1 569 -54 3 
 1 3 2 572 -48 2 
 1 12 2 571 -48 3 
 1 3 3 574 -42 2 
 1 12 3 573 -42 3 
 1 3 1 576 -54 2 
 1 13 1 575 -54 3 
 1 3 2 578 -48 2 
 1 13 2 577 -48 3 
 1 3 1 580 -54 2 
 1 14 1 579 -54 3 
 1 3 5 582 -30 2 
 1 14 5 581 -30 3 
 1 3 1 584 -54 2 
 1 15 1 583 -54 2 
 1 3 2 586 -48 2 
 1 15 2 585 -48 2 
 1 3 3 588 -42 2 
 1 15 3 587 -42 2 
 1 3 4 590 -36 2 
 1 15 4 589 -36 2 
 1 3 1 592 -54 2 
 1 16 1 591 -54 3 
 1 3 2 594 -48 2 
 1 16 2 593 -48 3 
 1 3 3 596 -42 2 
 1 16 3 595 -42 3 
 1 3 4 598 -36 2 
 1 16 4 597 -36 3 
 1 3 1 600 -54 2 
 1 17 1 599 -54 3 
 1 3 2 602 -48 2 
 1 17 2 601 -48 3 
 1 3 3 604 -42 2 
 1 17 3 603 -42 3 
 1 3 1 606 -54 2 
 1 18 1 605 -54 3 
 1 3 2 608 -48 2 
 1 18 2 607 -48 3 
 1 3 1 610 -54 2 
 1 19 1 609 -54 3 
 1 3 1 612 -54 2 
 2 0 1 611 -54 2 
 1 3 1 614 -54 2 
 2 1 1 613 -54 2 
 1 3 1 616 -54 2 
 2 2 1 615 -54 2 
 1 3 1 618 -54 2 
 2 3 1 617 -54 2 
 1 3 2 620 -48 2 
 2 3 2 619 -48 2 
 1 3 1 622 -54 2 
 2 4 1 621 -54 3 
 1 3 1 624 -54 2 
 2 5 1 623 -54 2 
 1 3 1 626 -54 2 
 2 6 1 625 -54 2 
 1 3 1 628 -54 2 
 2 7 1 627 -54 2 
 1 3 2 630 -48 2 
 2 7 2 629 -48 2 
 1 3 1 632 -54 2 
 2 8 1 631 -54 3 
 1 3 1 634 -54 2 
 2 9 1 633 -54 2 
 1 3 1 636 -54 2 
 2 10 1 635 -54 2 
 1 3 1 638 -54 2 
 2 11 1 637 -54 2 
 1 3 1 640 -54 2 
 2 12 1 639 -54 2 
 1 3 2 642 -48 2 
 2 12 2 641 -48 2 
 1 3 3 644 -42 2 
 2 12 3 643 -42 2 
 1 3 1 646 -54 2 
 2 13 1 645 -54 3 
 1 3 2 648 -48 2 
 2 13 2 647 -48 3 
 1 3 4 650 -36 2 
 2 13 4 649 -36 3 
 1 3 1 652 -54 2 
 2 14 1 651 -54 3 
 1 3 3 654 -42 2 
 2 14 3 653 -42 3 
 1 3 4 656 -36 2 
 2 14 4 655 -36 3 
 1 3 2 658 -48 2 
 2 15 2 657 -48 3 
 1 3 3 660 -42 2 
 2 15 3 659 -42 3 
 1 3 4 662 -36 2 
 2 15 4 661 -36 3 
 1 3 1 664 -54 2 
 2 16 1 663 -54 3 
 1 3 2 666 -48 2 
 2 16 2 665 -48 3 
 1 3 3 668 -42 2 
 2 16 3 667 -42 3 
 1 3 4 670 -36 2 
 2 16 4 669 -36 3 
 1 3 1 672 -54 2 
 2 17 1 671 -54 3 
 1 3 2 674 -48 2 
 2 17 2 673 -48 3 
 1 3 3 676 -42 2 
 2 17 3 675 -42 3 
 1 3 1 678 -54 2 
 2 18 1 677 -54 3 
 1 3 2 680 -48 2 
 2 18 2 679 -48 3 
 1 3 1 682 -54 2 
 2 19 1 681 -54 3 
 1 4 1 683 -54 2 
 1 4 5 684 -30 2 
 1 4 1 686 -54 2 
 1 5 1 685 -54 2 
 1 4 4 688 -36 2 
 1 5 4 687 -36 2 
 1 4 1 690 -54 2 
 1 6 1 689 -54 2 
 1 4 2 692 -48 2 
 1 6 2 691 -48 2 
 1 4 3 694 -42 2 
 1 6 3 693 -42 2 
 1 4 1 696 -54 2 
 1 7 1 695 -54 3 
 1 4 2 698 -48 2 
 1 7 2 697 -48 3 
 1 4 3 700 -42 2 
 1 7 3 699 -42 3 
 1 4 1 702 -54 2 
 1 8 1 701 -54 3 
 1 4 2 704 -48 2 
 1 8 2 703 -48 3 
 1 4 3 706 -42 2 
 1 8 3 705 -42 3 
 1 4 1 708 -54 2 
 1 9 1 707 -54 3 
 1 4 2 710 -48 2 
 1 9 2 709 -48 3 
 1 4 1 712 -54 2 
 1 10 1 711 -54 3 
 1 4 4 714 -36 2 
 1 10 4 713 -36 3 
 1 4 1 716 -54 2 
 1 11 1 715 -54 2 
 1 4 2 718 -48 2 
 1 11 2 717 -48 2 
 1 4 3 720 -42 2 
 1 11 3 719 -42 2 
 1 4 1 722 -54 2 
 1 12 1 721 -54 3 
 1 4 2 724 -48 2 
 1 12 2 723 -48 3 
 1 4 3 726 -42 2 
 1 12 3 725 -42 3 
 1 4 1 728 -54 2 
 1 13 1 727 -54 3 
 1 4 2 730 -48 2 
 1 13 2 729 -48 3 
 1 4 1 732 -54 2 
 1 14 1 731 -54 3 
 1 4 4 734 -36 2 
 1 14 4 733 -36 3 
 1 4 1 736 -54 2 
 1 15 1 735 -54 2 
 1 4 2 738 -48 2 
 1 15 2 737 -48 2 
 1 4 3 740 -42 2 
 1 15 3 739 -42 2 
 1 4 1 742 -54 2 
 1 16 1 741 -54 3 
 1 4 2 744 -48 2 
 1 16 2 743 -48 3 
 1 4 3 746 -42 2 
 1 16 3 745 -42 3 
 1 4 1 748 -54 2 
 1 17 1 747 -54 3 
 1 4 2 750 -48 2 
 1 17 2 749 -48 3 
 1 4 3 752 -42 2 
 1 17 3 751 -42 3 
 1 4 1 754 -54 2 
 1 18 1 753 -54 3 
 1 4 2 756 -48 2 
 1 18 2 755 -48 3 
 1 4 1 758 -54 2 
 1 19 1 757 -54 3 
 1 4 1 760 -54 2 
 2 0 1 759 -54 2 
 1 4 1 762 -54 2 
 2 1 1 761 -54 2 
 1 4 1 764 -54 2 
 2 2 1 763 -54 2 
 1 4 1 766 -54 2 
 2 3 1 765 -54 2 
 1 4 2 768 -48 2 
 2 3 2 767 -48 2 
 1 4 1 770 -54 2 
 2 4 1 769 -54 3 
 1 4 1 772 -54 2 
 2 5 1 771 -54 2 
 1 4 1 774 -54 2 
 2 6 1 773 -54 2 
 1 4 1 776 -54 2 
 2 7 1 775 -54 2 
 1 4 2 778 -48 2 
 2 7 2 777 -48 2 
 1 4 1 780 -54 2 
 2 8 1 779 -54 3 
 1 4 1 782 -54 2 
 2 9 1 781 -54 2 
 1 4 1 784 -54 2 
 2 10 1 783 -54 2 
 1 4 1 786 -54 2 
 2 11 1 785 -54 2 
 1 4 1 788 -54 2 
 2 12 1 787 -54 2 
 1 4 2 790 -48 2 
 2 12 2 789 -48 2 
 1 4 1 792 -54 2 
 2 13 1 791 -54 3 
 1 4 3 794 -42 2 
 2 13 3 793 -42 3 
 1 4 2 796 -48 2 
 2 14 2 795 -48 3 
 1 4 3 798 -42 2 
 2 14 3 797 -42 3 
 1 4 1 800 -54 2 
 2 15 1 799 -54 3 
 1 4 2 802 -48 2 
 2 15 2 801 -48 3 
 1 4 3 804 -42 2 
 2 15 3 803 -42 3 
 1 4 1 806 -54 2 
 2 16 1 805 -54 3 
 1 4 2 808 -48 2 
 2 16 2 807 -48 3 
 1 4 3 810 -42 2 
 2 16 3 809 -42 3 
 1 4 1 812 -54 2 
 2 17 1 811 -54 3 
 1 4 2 814 -48 2 
 2 17 2 813 -48 3 
 1 4 3 816 -42 2 
 2 17 3 815 -42 3 
 1 4 1 818 -54 2 
 2 18 1 817 -54 3 
 1 4 2 820 -48 2 
 2 18 2 819 -48 3 
 1 4 1 822 -54 2 
 2 19 1 821 -54 3 
 1 5 1 823 -54 2 
 1 5 3 824 -42 2 
 1 5 1 826 -54 2 
 1 6 1 825 -54 2 
 1 5 2 828 -48 2 
 1 6 2 827 -48 2 
 1 5 1 830 -54 2 
 1 7 1 829 -54 3 
 1 5 2 832 -48 2 
 1 7 2 831 -48 3 
 1 5 1 834 -54 2 
 1 8 1 833 -54 3 
 1 5 2 836 -48 2 
 1 8 2 835 -48 3 
 1 5 1 838 -54 2 
 1 9 1 837 -54 3 
 1 5 2 840 -48 2 
 1 9 2 839 -48 3 
 1 5 1 842 -54 2 
 1 10 1 841 -54 3 
 1 5 3 844 -42 2 
 1 10 3 843 -42 3 
 1 5 1 846 -54 2 
 1 11 1 845 -54 2 
 1 5 2 848 -48 2 
 1 11 2 847 -48 2 
 1 5 1 850 -54 2 
 1 12 1 849 -54 3 
 1 5 2 852 -48 2 
 1 12 2 851 -48 3 
 1 5 1 854 -54 2 
 1 13 1 853 -54 3 
 1 5 2 856 -48 2 
 1 13 2 855 -48 3 
 1 5 1 858 -54 2 
 1 14 1 857 -54 3 
 1 5 3 860 -42 2 
 1 14 3 859 -42 3 
 1 5 1 862 -54 2 
 1 15 1 861 -54 2 
 1 5 2 864 -48 2 
 1 15 2 863 -48 2 
 1 5 1 866 -54 2 
 1 16 1 865 -54 3 
 1 5 2 868 -48 2 
 1 16 2 867 -48 3 
 1 5 1 870 -54 2 
 1 17 1 869 -54 3 
 1 5 2 872 -48 2 
 1 17 2 871 -48 3 
 1 5 1 874 -54 2 
 1 18 1 873 -54 3 
 1 5 2 876 -48 2 
 1 18 2 875 -48 3 
 1 5 1 878 -54 2 
 1 19 1 877 -54 3 
 1 5 1 880 -54 2 
 2 0 1 879 -54 2 
 1 5 5 882 -30 2 
 2 0 5 881 -30 2 
 1 5 1 884 -54 2 
 2 1 1 883 -54 2 
 1 5 4 886 -36 2 
 2 1 4 885 -36 2 
 1 5 1 888 -54 2 
 2 2 1 887 -54 2 
 1 5 3 890 -42 2 
 2 2 3 889 -42 2 
 1 5 1 892 -54 2 
 2 3 1 891 -54 2 
 1 5 2 894 -48 2 
 2 3 2 893 -48 2 
 1 5 1 896 -54 2 
 2 4 1 895 -54 3 
 1 5 5 898 -30 2 
 2 4 5 897 -30 3 
 1 5 1 900 -54 2 
 2 5 1 899 -54 2 
 1 5 4 902 -36 2 
 2 5 4 901 -36 2 
 1 5 1 904 -54 2 
 2 6 1 903 -54 2 
 1 5 3 906 -42 2 
 2 6 3 905 -42 2 
 1 5 1 908 -54 2 
 2 7 1 907 -54 2 
 1 5 2 910 -48 2 
 2 7 2 909 -48 2 
 1 5 1 912 -54 2 
 2 8 1 911 -54 3 
 1 5 1 914 -54 2 
 2 9 1 913 -54 2 
 1 5 1 916 -54 2 
 2 10 1 915 -54 2 
 1 5 1 918 -54 2 
 2 11 1 917 -54 2 
 1 5 1 920 -54 2 
 2 12 1 919 -54 2 
 1 5 2 922 -48 2 
 2 13 2 921 -48 3 
 1 5 1 924 -54 2 
 2 14 1 923 -54 3 
 1 5 2 926 -48 2 
 2 14 2 925 -48 3 
 1 5 1 928 -54 2 
 2 15 1 927 -54 3 
 1 5 2 930 -48 2 
 2 15 2 929 -48 3 
 1 5 1 932 -54 2 
 2 16 1 931 -54 3 
 1 5 2 934 -48 2 
 2 16 2 933 -48 3 
 1 5 1 936 -54 2 
 2 17 1 935 -54 3 
 1 5 2 938 -48 2 
 2 17 2 937 -48 3 
 1 5 1 940 -54 2 
 2 18 1 939 -54 3 
 1 5 2 942 -48 2 
 2 18 2 941 -48 3 
 1 5 7 944 -18 2 
 2 18 7 943 -18 3 
 1 5 1 946 -54 2 
 2 19 1 945 -54 3 
 1 5 6 948 -24 2 
 2 19 6 947 -24 3 
 1 6 1 949 -54 2 
 1 6 1 951 -54 2 
 1 7 1 950 -54 3 
 1 6 1 953 -54 2 
 1 8 1 952 -54 3 
 1 6 1 955 -54 2 
 1 9 1 954 -54 3 
 1 6 1 957 -54 2 
 1 10 1 956 -54 3 
 1 6 2 959 -48 2 
 1 10 2 958 -48 3 
 1 6 1 961 -54 2 
 1 11 1 960 -54 2 
 1 6 1 963 -54 2 
 1 12 1 962 -54 3 
 1 6 1 965 -54 2 
 1 13 1 964 -54 3 
 1 6 1 967 -54 2 
 1 14 1 966 -54 3 
 1 6 2 969 -48 2 
 1 14 2 968 -48 3 
 1 6 1 971 -54 2 
 1 15 1 970 -54 2 
 1 6 1 973 -54 2 
 1 16 1 972 -54 3 
 1 6 1 975 -54 2 
 1 17 1 974 -54 3 
 1 6 1 977 -54 2 
 1 18 1 976 -54 3 
 1 6 6 979 -24 2 
 1 18 6 978 -24 3 
 1 6 1 981 -54 2 
 1 19 1 980 -54 3 
 1 6 2 983 -48 2 
 1 19 2 982 -48 3 
 1 6 3 985 -42 2 
 1 19 3 984 -42 3 
 1 6 4 987 -36 2 
 1 19 4 986 -36 3 
 1 6 5 989 -30 2 
 1 19 5 988 -30 3 
 1 6 1 991 -54 2 
 2 0 1 990 -54 2 
 1 6 2 993 -48 2 
 2 0 2 992 -48 2 
 1 6 3 995 -42 2 
 2 0 3 994 -42 2 
 1 6 4 997 -36 2 
 2 0 4 996 -36 2 
 1 6 1 999 -54 2 
 2 1 1 998 -54 2 
 1 6 2 1001 -48 2 
 2 1 2 1000 -48 2 
 1 6 3 1003 -42 2 
 2 1 3 1002 -42 2 
 1 6 1 1005 -54 2 
 2 2 1 1004 -54 2 
 1 6 2 1007 -48 2 
 2 2 2 1006 -48 2 
 1 6 1 1009 -54 2 
 2 3 1 1008 -54 2 
 1 6 1 1011 -54 2 
 2 4 1 1010 -54 3 
 1 6 2 1013 -48 2 
 2 4 2 1012 -48 3 
 1 6 3 1015 -42 2 
 2 4 3 1014 -42 3 
 1 6 4 1017 -36 2 
 2 4 4 1016 -36 3 
 1 6 1 1019 -54 2 
 2 5 1 1018 -54 2 
 1 6 2 1021 -48 2 
 2 5 2 1020 -48 2 
 1 6 3 1023 -42 2 
 2 5 3 1022 -42 2 
 1 6 1 1025 -54 2 
 2 6 1 1024 -54 2 
 1 6 2 1027 -48 2 
 2 6 2 1026 -48 2 
 1 6 1 1029 -54 2 
 2 7 1 1028 -54 2 
 1 6 1 1031 -54 2 
 2 8 1 1030 -54 3 
 1 6 2 1033 -48 2 
 2 8 2 1032 -48 3 
 1 6 3 1035 -42 2 
 2 8 3 1034 -42 3 
 1 6 4 1037 -36 2 
 2 8 4 1036 -36 3 
 1 6 1 1039 -54 2 
 2 9 1 1038 -54 2 
 1 6 2 1041 -48 2 
 2 9 2 1040 -48 2 
 1 6 3 1043 -42 2 
 2 9 3 1042 -42 2 
 1 6 1 1045 -54 2 
 2 10 1 1044 -54 2 
 1 6 2 1047 -48 2 
 2 10 2 1046 -48 2 
 1 6 1 1049 -54 2 
 2 11 1 1048 -54 2 
 1 6 1 1051 -54 2 
 2 13 1 1050 -54 3 
 1 6 1 1053 -54 2 
 2 14 1 1052 -54 3 
 1 6 1 1055 -54 2 
 2 15 1 1054 -54 3 
 1 6 1 1057 -54 2 
 2 16 1 1056 -54 3 
 1 6 1 1059 -54 2 
 2 17 1 1058 -54 3 
 1 6 1 1061 -54 2 
 2 18 1 1060 -54 3 
 1 6 6 1063 -24 2 
 2 18 6 1062 -24 3 
 1 6 1 1065 -54 2 
 2 19 1 1064 -54 3 
 1 6 2 1067 -48 2 
 2 19 2 1066 -48 3 
 1 6 3 1069 -42 2 
 2 19 3 1068 -42 3 
 1 6 4 1071 -36 2 
 2 19 4 1070 -36 3 
 1 6 5 1073 -30 2 
 2 19 5 1072 -30 3 
 1 7 1 1074 -54 3 
 1 7 1 1076 -54 3 
 1 8 1 1075 -54 3 
 1 7 1 1078 -54 3 
 1 9 1 1077 -54 3 
 1 7 1 1080 -54 3 
 1 10 1 1079 -54 3 
 1 7 2 1082 -48 3 
 1 10 2 1081 -48 3 
 1 7 1 1084 -54 3 
 1 11 1 1083 -54 2 
 1 7 1 1086 -54 3 
 1 12 1 1085 -54 3 
 1 7 1 1088 -54 3 
 1 13 1 1087 -54 3 
 1 7 1 1090 -54 3 
 1 14 1 1089 -54 3 
 1 7 2 1092 -48 3 
 1 14 2 1091 -48 3 
 1 7 1 1094 -54 3 
 1 15 1 1093 -54 2 
 1 7 1 1096 -54 3 
 1 16 1 1095 -54 3 
 1 7 1 1098 -54 3 
 1 17 1 1097 -54 3 
 1 7 1 1100 -54 3 
 1 18 1 1099 -54 3 
 1 7 5 1102 -30 3 
 1 18 5 1101 -30 3 
 1 7 1 1104 -54 3 
 1 19 1 1103 -54 3 
 1 7 2 1106 -48 3 
 1 19 2 1105 -48 3 
 1 7 3 1108 -42 3 
 1 19 3 1107 -42 3 
 1 7 4 1110 -36 3 
 1 19 4 1109 -36 3 
 1 7 1 1112 -54 3 
 2 0 1 1111 -54 2 
 1 7 2 1114 -48 3 
 2 0 2 1113 -48 2 
 1 7 3 1116 -42 3 
 2 0 3 1115 -42 2 
 1 7 4 1118 -36 3 
 2 0 4 1117 -36 2 
 1 7 8 1120 -12 3 
 2 0 8 1119 -12 2 
 1 7 1 1122 -54 3 
 2 1 1 1121 -54 2 
 1 7 2 1124 -48 3 
 2 1 2 1123 -48 2 
 1 7 3 1126 -42 3 
 2 1 3 1125 -42 2 
 1 7 7 1128 -18 3 
 2 1 7 1127 -18 2 
 1 7 1 1130 -54 3 
 2 2 1 1129 -54 2 
 1 7 2 1132 -48 3 
 2 2 2 1131 -48 2 
 1 7 6 1134 -24 3 
 2 2 6 1133 -24 2 
 1 7 1 1136 -54 3 
 2 3 1 1135 -54 2 
 1 7 5 1138 -30 3 
 2 3 5 1137 -30 2 
 1 7 1 1140 -54 3 
 2 4 1 1139 -54 3 
 1 7 2 1142 -48 3 
 2 4 2 1141 -48 3 
 1 7 3 1144 -42 3 
 2 4 3 1143 -42 3 
 1 7 4 1146 -36 3 
 2 4 4 1145 -36 3 
 1 7 1 1148 -54 3 
 2 5 1 1147 -54 2 
 1 7 2 1150 -48 3 
 2 5 2 1149 -48 2 
 1 7 3 1152 -42 3 
 2 5 3 1151 -42 2 
 1 7 1 1154 -54 3 
 2 6 1 1153 -54 2 
 1 7 2 1156 -48 3 
 2 6 2 1155 -48 2 
 1 7 1 1158 -54 3 
 2 7 1 1157 -54 2 
 1 7 1 1160 -54 3 
 2 8 1 1159 -54 3 
 1 7 2 1162 -48 3 
 2 8 2 1161 -48 3 
 1 7 3 1164 -42 3 
 2 8 3 1163 -42 3 
 1 7 1 1166 -54 3 
 2 9 1 1165 -54 2 
 1 7 2 1168 -48 3 
 2 9 2 1167 -48 2 
 1 7 4 1170 -36 3 
 2 9 4 1169 -36 2 
 1 7 1 1172 -54 3 
 2 10 1 1171 -54 2 
 1 7 3 1174 -42 3 
 2 10 3 1173 -42 2 
 1 7 2 1176 -48 3 
 2 11 2 1175 -48 2 
 1 7 1 1178 -54 3 
 2 12 1 1177 -54 2 
 1 7 1 1180 -54 3 
 2 13 1 1179 -54 3 
 1 7 1 1182 -54 3 
 2 14 1 1181 -54 3 
 1 7 1 1184 -54 3 
 2 15 1 1183 -54 3 
 1 7 1 1186 -54 3 
 2 16 1 1185 -54 3 
 1 7 1 1188 -54 3 
 2 17 1 1187 -54 3 
 1 7 1 1190 -54 3 
 2 18 1 1189 -54 3 
 1 7 5 1192 -30 3 
 2 18 5 1191 -30 3 
 1 7 1 1194 -54 3 
 2 19 1 1193 -54 3 
 1 7 2 1196 -48 3 
 2 19 2 1195 -48 3 
 1 7 3 1198 -42 3 
 2 19 3 1197 -42 3 
 1 7 4 1200 -36 3 
 2 19 4 1199 -36 3 
 1 8 1 1201 -54 3 
 1 8 1 1203 -54 3 
 1 9 1 1202 -54 3 
 1 8 1 1205 -54 3 
 1 10 1 1204 -54 3 
 1 8 2 1207 -48 3 
 1 10 2 1206 -48 3 
 1 8 1 1209 -54 3 
 1 11 1 1208 -54 2 
 1 8 1 1211 -54 3 
 1 12 1 1210 -54 3 
 1 8 1 1213 -54 3 
 1 13 1 1212 -54 3 
 1 8 1 1215 -54 3 
 1 14 1 1214 -54 3 
 1 8 2 1217 -48 3 
 1 14 2 1216 -48 3 
 1 8 1 1219 -54 3 
 1 15 1 1218 -54 2 
 1 8 1 1221 -54 3 
 1 16 1 1220 -54 3 
 1 8 1 1223 -54 3 
 1 17 1 1222 -54 3 
 1 8 1 1225 -54 3 
 1 18 1 1224 -54 3 
 1 8 4 1227 -36 3 
 1 18 4 1226 -36 3 
 1 8 1 1229 -54 3 
 1 19 1 1228 -54 3 
 1 8 2 1231 -48 3 
 1 19 2 1230 -48 3 
 1 8 3 1233 -42 3 
 1 19 3 1232 -42 3 
 1 8 1 1235 -54 3 
 2 0 1 1234 -54 2 
 1 8 2 1237 -48 3 
 2 0 2 1236 -48 2 
 1 8 3 1239 -42 3 
 2 0 3 1238 -42 2 
 1 8 7 1241 -18 3 
 2 0 7 1240 -18 2 
 1 8 1 1243 -54 3 
 2 1 1 1242 -54 2 
 1 8 2 1245 -48 3 
 2 1 2 1244 -48 2 
 1 8 3 1247 -42 3 
 2 1 3 1246 -42 2 
 1 8 6 1249 -24 3 
 2 1 6 1248 -24 2 
 1 8 1 1251 -54 3 
 2 2 1 1250 -54 2 
 1 8 2 1253 -48 3 
 2 2 2 1252 -48 2 
 1 8 5 1255 -30 3 
 2 2 5 1254 -30 2 
 1 8 1 1257 -54 3 
 2 3 1 1256 -54 2 
 1 8 4 1259 -36 3 
 2 3 4 1258 -36 2 
 1 8 1 1261 -54 3 
 2 4 1 1260 -54 3 
 1 8 2 1263 -48 3 
 2 4 2 1262 -48 3 
 1 8 3 1265 -42 3 
 2 4 3 1264 -42 3 
 1 8 1 1267 -54 3 
 2 5 1 1266 -54 2 
 1 8 2 1269 -48 3 
 2 5 2 1268 -48 2 
 1 8 3 1271 -42 3 
 2 5 3 1270 -42 2 
 1 8 1 1273 -54 3 
 2 6 1 1272 -54 2 
 1 8 2 1275 -48 3 
 2 6 2 1274 -48 2 
 1 8 1 1277 -54 3 
 2 7 1 1276 -54 2 
 1 8 1 1279 -54 3 
 2 8 1 1278 -54 3 
 1 8 2 1281 -48 3 
 2 8 2 1280 -48 3 
 1 8 1 1283 -54 3 
 2 9 1 1282 -54 2 
 1 8 3 1285 -42 3 
 2 9 3 1284 -42 2 
 1 8 2 1287 -48 3 
 2 10 2 1286 -48 2 
 1 8 3 1289 -42 3 
 2 10 3 1288 -42 2 
 1 8 1 1291 -54 3 
 2 11 1 1290 -54 2 
 1 8 2 1293 -48 3 
 2 11 2 1292 -48 2 
 1 8 1 1295 -54 3 
 2 12 1 1294 -54 2 
 1 8 1 1297 -54 3 
 2 13 1 1296 -54 3 
 1 8 1 1299 -54 3 
 2 14 1 1298 -54 3 
 1 8 1 1301 -54 3 
 2 15 1 1300 -54 3 
 1 8 1 1303 -54 3 
 2 16 1 1302 -54 3 
 1 8 1 1305 -54 3 
 2 17 1 1304 -54 3 
 1 8 1 1307 -54 3 
 2 18 1 1306 -54 3 
 1 8 4 1309 -36 3 
 2 18 4 1308 -36 3 
 1 8 1 1311 -54 3 
 2 19 1 1310 -54 3 
 1 8 2 1313 -48 3 
 2 19 2 1312 -48 3 
 1 8 3 1315 -42 3 
 2 19 3 1314 -42 3 
 1 9 1 1316 -54 3 
 1 9 3 1317 -42 3 
 1 9 1 1319 -54 3 
 1 10 1 1318 -54 3 
 1 9 2 1321 -48 3 
 1 10 2 1320 -48 3 
 1 9 1 1323 -54 3 
 1 11 1 1322 -54 2 
 1 9 1 1325 -54 3 
 1 12 1 1324 -54 3 
 1 9 1 1327 -54 3 
 1 13 1 1326 -54 3 
 1 9 3 1329 -42 3 
 1 13 3 1328 -42 3 
 1 9 1 1331 -54 3 
 1 14 1 1330 -54 3 
 1 9 2 1333 -48 3 
 1 14 2 1332 -48 3 
 1 9 1 1335 -54 3 
 1 15 1 1334 -54 2 
 1 9 1 1337 -54 3 
 1 16 1 1336 -54 3 
 1 9 1 1339 -54 3 
 1 17 1 1338 -54 3 
 1 9 1 1341 -54 3 
 1 18 1 1340 -54 3 
 1 9 3 1343 -42 3 
 1 18 3 1342 -42 3 
 1 9 1 1345 -54 3 
 1 19 1 1344 -54 3 
 1 9 2 1347 -48 3 
 1 19 2 1346 -48 3 
 1 9 1 1349 -54 3 
 2 0 1 1348 -54 2 
 1 9 2 1351 -48 3 
 2 0 2 1350 -48 2 
 1 9 6 1353 -24 3 
 2 0 6 1352 -24 2 
 1 9 1 1355 -54 3 
 2 1 1 1354 -54 2 
 1 9 2 1357 -48 3 
 2 1 2 1356 -48 2 
 1 9 5 1359 -30 3 
 2 1 5 1358 -30 2 
 1 9 1 1361 -54 3 
 2 2 1 1360 -54 2 
 1 9 2 1363 -48 3 
 2 2 2 1362 -48 2 
 1 9 4 1365 -36 3 
 2 2 4 1364 -36 2 
 1 9 1 1367 -54 3 
 2 3 1 1366 -54 2 
 1 9 3 1369 -42 3 
 2 3 3 1368 -42 2 
 1 9 1 1371 -54 3 
 2 4 1 1370 -54 3 
 1 9 2 1373 -48 3 
 2 4 2 1372 -48 3 
 1 9 1 1375 -54 3 
 2 5 1 1374 -54 2 
 1 9 2 1377 -48 3 
 2 5 2 1376 -48 2 
 1 9 1 1379 -54 3 
 2 6 1 1378 -54 2 
 1 9 2 1381 -48 3 
 2 6 2 1380 -48 2 
 1 9 1 1383 -54 3 
 2 7 1 1382 -54 2 
 1 9 1 1385 -54 3 
 2 8 1 1384 -54 3 
 1 9 2 1387 -48 3 
 2 9 2 1386 -48 2 
 1 9 1 1389 -54 3 
 2 10 1 1388 -54 2 
 1 9 2 1391 -48 3 
 2 10 2 1390 -48 2 
 1 9 1 1393 -54 3 
 2 11 1 1392 -54 2 
 1 9 2 1395 -48 3 
 2 11 2 1394 -48 2 
 1 9 1 1397 -54 3 
 2 12 1 1396 -54 2 
 1 9 1 1399 -54 3 
 2 13 1 1398 -54 3 
 1 9 1 1401 -54 3 
 2 14 1 1400 -54 3 
 1 9 1 1403 -54 3 
 2 15 1 1402 -54 3 
 1 9 1 1405 -54 3 
 2 16 1 1404 -54 3 
 1 9 1 1407 -54 3 
 2 17 1 1406 -54 3 
 1 9 1 1409 -54 3 
 2 18 1 1408 -54 3 
 1 9 3 1411 -42 3 
 2 18 3 1410 -42 3 
 1 9 1 1413 -54 3 
 2 19 1 1412 -54 3 
 1 9 2 1415 -48 3 
 2 19 2 1414 -48 3 
 1 10 1 1416 -54 3 
 1 10 3 1417 -42 3 
 1 10 1 1419 -54 3 
 1 11 1 1418 -54 2 
 1 10 2 1421 -48 3 
 1 11 2 1420 -48 2 
 1 10 1 1423 -54 3 
 1 12 1 1422 -54 3 
 1 10 2 1425 -48 3 
 1 12 2 1424 -48 3 
 1 10 1 1427 -54 3 
 1 13 1 1426 -54 3 
 1 10 2 1429 -48 3 
 1 13 2 1428 -48 3 
 1 10 1 1431 -54 3 
 1 14 1 1430 -54 3 
 1 10 3 1433 -42 3 
 1 14 3 1432 -42 3 
 1 10 1 1435 -54 3 
 1 15 1 1434 -54 2 
 1 10 2 1437 -48 3 
 1 15 2 1436 -48 2 
 1 10 1 1439 -54 3 
 1 16 1 1438 -54 3 
 1 10 2 1441 -48 3 
 1 16 2 1440 -48 3 
 1 10 1 1443 -54 3 
 1 17 1 1442 -54 3 
 1 10 2 1445 -48 3 
 1 17 2 1444 -48 3 
 1 10 1 1447 -54 3 
 1 18 1 1446 -54 3 
 1 10 2 1449 -48 3 
 1 18 2 1448 -48 3 
 1 10 1 1451 -54 3 
 1 19 1 1450 -54 3 
 1 10 1 1453 -54 3 
 2 0 1 1452 -54 2 
 1 10 5 1455 -30 3 
 2 0 5 1454 -30 2 
 1 10 1 1457 -54 3 
 2 1 1 1456 -54 2 
 1 10 4 1459 -36 3 
 2 1 4 1458 -36 2 
 1 10 1 1461 -54 3 
 2 2 1 1460 -54 2 
 1 10 3 1463 -42 3 
 2 2 3 1462 -42 2 
 1 10 1 1465 -54 3 
 2 3 1 1464 -54 2 
 1 10 2 1467 -48 3 
 2 3 2 1466 -48 2 
 1 10 1 1469 -54 3 
 2 4 1 1468 -54 3 
 1 10 1 1471 -54 3 
 2 5 1 1470 -54 2 
 1 10 1 1473 -54 3 
 2 6 1 1472 -54 2 
 1 10 1 1475 -54 3 
 2 7 1 1474 -54 2 
 1 10 1 1477 -54 3 
 2 9 1 1476 -54 2 
 1 10 5 1479 -30 3 
 2 9 5 1478 -30 2 
 1 10 1 1481 -54 3 
 2 10 1 1480 -54 2 
 1 10 4 1483 -36 3 
 2 10 4 1482 -36 2 
 1 10 1 1485 -54 3 
 2 11 1 1484 -54 2 
 1 10 3 1487 -42 3 
 2 11 3 1486 -42 2 
 1 10 1 1489 -54 3 
 2 12 1 1488 -54 2 
 1 10 2 1491 -48 3 
 2 12 2 1490 -48 2 
 1 10 1 1493 -54 3 
 2 13 1 1492 -54 3 
 1 10 2 1495 -48 3 
 2 13 2 1494 -48 3 
 1 10 1 1497 -54 3 
 2 14 1 1496 -54 3 
 1 10 2 1499 -48 3 
 2 14 2 1498 -48 3 
 1 10 1 1501 -54 3 
 2 15 1 1500 -54 3 
 1 10 2 1503 -48 3 
 2 15 2 1502 -48 3 
 1 10 1 1505 -54 3 
 2 16 1 1504 -54 3 
 1 10 2 1507 -48 3 
 2 16 2 1506 -48 3 
 1 10 1 1509 -54 3 
 2 17 1 1508 -54 3 
 1 10 2 1511 -48 3 
 2 17 2 1510 -48 3 
 1 10 1 1513 -54 3 
 2 18 1 1512 -54 3 
 1 10 2 1515 -48 3 
 2 18 2 1514 -48 3 
 1 10 1 1517 -54 3 
 2 19 1 1516 -54 3 
 1 11 1 1518 -54 2 
 1 11 1 1520 -54 2 
 1 12 1 1519 -54 3 
 1 11 1 1522 -54 2 
 1 13 1 1521 -54 3 
 1 11 1 1524 -54 2 
 1 14 1 1523 -54 3 
 1 11 2 1526 -48 2 
 1 14 2 1525 -48 3 
 1 11 1 1528 -54 2 
 1 15 1 1527 -54 2 
 1 11 1 1530 -54 2 
 1 16 1 1529 -54 3 
 1 11 1 1532 -54 2 
 1 17 1 1531 -54 3 
 1 11 1 1534 -54 2 
 1 18 1 1533 -54 3 
 1 11 5 1536 -30 2 
 1 18 5 1535 -30 3 
 1 11 1 1538 -54 2 
 1 19 1 1537 -54 3 
 1 11 2 1540 -48 2 
 1 19 2 1539 -48 3 
 1 11 3 1542 -42 2 
 1 19 3 1541 -42 3 
 1 11 4 1544 -36 2 
 1 19 4 1543 -36 3 
 1 11 1 1546 -54 2 
 2 0 1 1545 -54 2 
 1 11 2 1548 -48 2 
 2 0 2 1547 -48 2 
 1 11 3 1550 -42 2 
 2 0 3 1549 -42 2 
 1 11 4 1552 -36 2 
 2 0 4 1551 -36 2 
 1 11 1 1554 -54 2 
 2 1 1 1553 -54 2 
 1 11 2 1556 -48 2 
 2 1 2 1555 -48 2 
 1 11 3 1558 -42 2 
 2 1 3 1557 -42 2 
 1 11 1 1560 -54 2 
 2 2 1 1559 -54 2 
 1 11 2 1562 -48 2 
 2 2 2 1561 -48 2 
 1 11 1 1564 -54 2 
 2 3 1 1563 -54 2 
 1 11 1 1566 -54 2 
 2 4 1 1565 -54 3 
 1 11 2 1568 -48 2 
 2 4 2 1567 -48 3 
 1 11 3 1570 -42 2 
 2 4 3 1569 -42 3 
 1 11 8 1572 -12 2 
 2 4 8 1571 -12 3 
 1 11 1 1574 -54 2 
 2 5 1 1573 -54 2 
 1 11 2 1576 -48 2 
 2 5 2 1575 -48 2 
 1 11 7 1578 -18 2 
 2 5 7 1577 -18 2 
 1 11 1 1580 -54 2 
 2 6 1 1579 -54 2 
 1 11 6 1582 -24 2 
 2 6 6 1581 -24 2 
 1 11 5 1584 -30 2 
 2 7 5 1583 -30 2 
 1 11 1 1586 -54 2 
 2 8 1 1585 -54 3 
 1 11 2 1588 -48 2 
 2 8 2 1587 -48 3 
 1 11 3 1590 -42 2 
 2 8 3 1589 -42 3 
 1 11 4 1592 -36 2 
 2 8 4 1591 -36 3 
 1 11 1 1594 -54 2 
 2 9 1 1593 -54 2 
 1 11 2 1596 -48 2 
 2 9 2 1595 -48 2 
 1 11 3 1598 -42 2 
 2 9 3 1597 -42 2 
 1 11 4 1600 -36 2 
 2 9 4 1599 -36 2 
 1 11 1 1602 -54 2 
 2 10 1 1601 -54 2 
 1 11 2 1604 -48 2 
 2 10 2 1603 -48 2 
 1 11 3 1606 -42 2 
 2 10 3 1605 -42 2 
 1 11 1 1608 -54 2 
 2 11 1 1607 -54 2 
 1 11 2 1610 -48 2 
 2 11 2 1609 -48 2 
 1 11 1 1612 -54 2 
 2 12 1 1611 -54 2 
 1 11 1 1614 -54 2 
 2 13 1 1613 -54 3 
 1 11 1 1616 -54 2 
 2 14 1 1615 -54 3 
 1 11 1 1618 -54 2 
 2 15 1 1617 -54 3 
 1 11 1 1620 -54 2 
 2 16 1 1619 -54 3 
 1 11 1 1622 -54 2 
 2 17 1 1621 -54 3 
 1 11 1 1624 -54 2 
 2 18 1 1623 -54 3 
 1 11 5 1626 -30 2 
 2 18 5 1625 -30 3 
 1 11 1 1628 -54 2 
 2 19 1 1627 -54 3 
 1 11 2 1630 -48 2 
 2 19 2 1629 -48 3 
 1 11 3 1632 -42 2 
 2 19 3 1631 -42 3 
 1 11 4 1634 -36 2 
 2 19 4 1633 -36 3 
 1 12 1 1635 -54 3 
 1 12 1 1637 -54 3 
 1 13 1 1636 -54 3 
 1 12 1 1639 -54 3 
 1 14 1 1638 -54 3 
 1 12 2 1641 -48 3 
 1 14 2 1640 -48 3 
 1 12 1 1643 -54 3 
 1 15 1 1642 -54 2 
 1 12 1 1645 -54 3 
 1 16 1 1644 -54 3 
 1 12 1 1647 -54 3 
 1 17 1 1646 -54 3 
 1 12 1 1649 -54 3 
 1 18 1 1648 -54 3 
 1 12 4 1651 -36 3 
 1 18 4 1650 -36 3 
 1 12 1 1653 -54 3 
 1 19 1 1652 -54 3 
 1 12 2 1655 -48 3 
 1 19 2 1654 -48 3 
 1 12 3 1657 -42 3 
 1 19 3 1656 -42 3 
 1 12 1 1659 -54 3 
 2 0 1 1658 -54 2 
 1 12 2 1661 -48 3 
 2 0 2 1660 -48 2 
 1 12 3 1663 -42 3 
 2 0 3 1662 -42 2 
 1 12 1 1665 -54 3 
 2 1 1 1664 -54 2 
 1 12 2 1667 -48 3 
 2 1 2 1666 -48 2 
 1 12 3 1669 -42 3 
 2 1 3 1668 -42 2 
 1 12 1 1671 -54 3 
 2 2 1 1670 -54 2 
 1 12 2 1673 -48 3 
 2 2 2 1672 -48 2 
 1 12 1 1675 -54 3 
 2 3 1 1674 -54 2 
 1 12 1 1677 -54 3 
 2 4 1 1676 -54 3 
 1 12 2 1679 -48 3 
 2 4 2 1678 -48 3 
 1 12 7 1681 -18 3 
 2 4 7 1680 -18 3 
 1 12 1 1683 -54 3 
 2 5 1 1682 -54 2 
 1 12 3 1685 -42 3 
 2 5 3 1684 -42 2 
 1 12 6 1687 -24 3 
 2 5 6 1686 -24 2 
 1 12 2 1689 -48 3 
 2 6 2 1688 -48 2 
 1 12 5 1691 -30 3 
 2 6 5 1690 -30 2 
 1 12 1 1693 -54 3 
 2 7 1 1692 -54 2 
 1 12 4 1695 -36 3 
 2 7 4 1694 -36 2 
 1 12 1 1697 -54 3 
 2 8 1 1696 -54 3 
 1 12 2 1699 -48 3 
 2 8 2 1698 -48 3 
 1 12 3 1701 -42 3 
 2 8 3 1700 -42 3 
 1 12 1 1703 -54 3 
 2 9 1 1702 -54 2 
 1 12 2 1705 -48 3 
 2 9 2 1704 -48 2 
 1 12 3 1707 -42 3 
 2 9 3 1706 -42 2 
 1 12 1 1709 -54 3 
 2 10 1 1708 -54 2 
 1 12 2 1711 -48 3 
 2 10 2 1710 -48 2 
 1 12 3 1713 -42 3 
 2 10 3 1712 -42 2 
 1 12 1 1715 -54 3 
 2 11 1 1714 -54 2 
 1 12 2 1717 -48 3 
 2 11 2 1716 -48 2 
 1 12 1 1719 -54 3 
 2 12 1 1718 -54 2 
 1 12 1 1721 -54 3 
 2 13 1 1720 -54 3 
 1 12 1 1723 -54 3 
 2 14 1 1722 -54 3 
 1 12 1 1725 -54 3 
 2 15 1 1724 -54 3 
 1 12 1 1727 -54 3 
 2 16 1 1726 -54 3 
 1 12 1 1729 -54 3 
 2 17 1 1728 -54 3 
 1 12 1 1731 -54 3 
 2 18 1 1730 -54 3 
 1 12 4 1733 -36 3 
 2 18 4 1732 -36 3 
 1 12 1 1735 -54 3 
 2 19 1 1734 -54 3 
 1 12 2 1737 -48 3 
 2 19 2 1736 -48 3 
 1 12 3 1739 -42 3 
 2 19 3 1738 -42 3 
 1 13 1 1740 -54 3 
 1 13 3 1741 -42 3 
 1 13 1 1743 -54 3 
 1 14 1 1742 -54 3 
 1 13 2 1745 -48 3 
 1 14 2 1744 -48 3 
 1 13 1 1747 -54 3 
 1 15 1 1746 -54 2 
 1 13 1 1749 -54 3 
 1 16 1 1748 -54 3 
 1 13 1 1751 -54 3 
 1 17 1 1750 -54 3 
 1 13 1 1753 -54 3 
 1 18 1 1752 -54 3 
 1 13 3 1755 -42 3 
 1 18 3 1754 -42 3 
 1 13 1 1757 -54 3 
 1 19 1 1756 -54 3 
 1 13 2 1759 -48 3 
 1 19 2 1758 -48 3 
 1 13 1 1761 -54 3 
 2 0 1 1760 -54 2 
 1 13 2 1763 -48 3 
 2 0 2 1762 -48 2 
 1 13 1 1765 -54 3 
 2 1 1 1764 -54 2 
 1 13 2 1767 -48 3 
 2 1 2 1766 -48 2 
 1 13 1 1769 -54 3 
 2 2 1 1768 -54 2 
 1 13 2 1771 -48 3 
 2 2 2 1770 -48 2 
 1 13 1 1773 -54 3 
 2 3 1 1772 -54 2 
 1 13 1 1775 -54 3 
 2 4 1 1774 -54 3 
 1 13 6 1777 -24 3 
 2 4 6 1776 -24 3 
 1 13 2 1779 -48 3 
 2 5 2 1778 -48 2 
 1 13 5 1781 -30 3 
 2 5 5 1780 -30 2 
 1 13 1 1783 -54 3 
 2 6 1 1782 -54 2 
 1 13 2 1785 -48 3 
 2 6 2 1784 -48 2 
 1 13 4 1787 -36 3 
 2 6 4 1786 -36 2 
 1 13 1 1789 -54 3 
 2 7 1 1788 -54 2 
 1 13 3 1791 -42 3 
 2 7 3 1790 -42 2 
 1 13 1 1793 -54 3 
 2 8 1 1792 -54 3 
 1 13 2 1795 -48 3 
 2 8 2 1794 -48 3 
 1 13 1 1797 -54 3 
 2 9 1 1796 -54 2 
 1 13 2 1799 -48 3 
 2 9 2 1798 -48 2 
 1 13 1 1801 -54 3 
 2 10 1 1800 -54 2 
 1 13 2 1803 -48 3 
 2 10 2 1802 -48 2 
 1 13 1 1805 -54 3 
 2 11 1 1804 -54 2 
 1 13 2 1807 -48 3 
 2 11 2 1806 -48 2 
 1 13 1 1809 -54 3 
 2 12 1 1808 -54 2 
 1 13 1 1811 -54 3 
 2 13 1 1810 -54 3 
 1 13 1 1813 -54 3 
 2 14 1 1812 -54 3 
 1 13 1 1815 -54 3 
 2 15 1 1814 -54 3 
 1 13 1 1817 -54 3 
 2 16 1 1816 -54 3 
 1 13 1 1819 -54 3 
 2 17 1 1818 -54 3 
 1 13 1 1821 -54 3 
 2 18 1 1820 -54 3 
 1 13 3 1823 -42 3 
 2 18 3 1822 -42 3 
 1 13 1 1825 -54 3 
 2 19 1 1824 -54 3 
 1 13 2 1827 -48 3 
 2 19 2 1826 -48 3 
 1 14 1 1828 -54 3 
 1 14 3 1829 -42 3 
 1 14 1 1831 -54 3 
 1 15 1 1830 -54 2 
 1 14 2 1833 -48 3 
 1 15 2 1832 -48 2 
 1 14 1 1835 -54 3 
 1 16 1 1834 -54 3 
 1 14 2 1837 -48 3 
 1 16 2 1836 -48 3 
 1 14 1 1839 -54 3 
 1 17 1 1838 -54 3 
 1 14 2 1841 -48 3 
 1 17 2 1840 -48 3 
 1 14 1 1843 -54 3 
 1 18 1 1842 -54 3 
 1 14 2 1845 -48 3 
 1 18 2 1844 -48 3 
 1 14 1 1847 -54 3 
 1 19 1 1846 -54 3 
 1 14 1 1849 -54 3 
 2 0 1 1848 -54 2 
 1 14 1 1851 -54 3 
 2 1 1 1850 -54 2 
 1 14 1 1853 -54 3 
 2 2 1 1852 -54 2 
 1 14 1 1855 -54 3 
 2 3 1 1854 -54 2 
 1 14 5 1857 -30 3 
 2 4 5 1856 -30 3 
 1 14 1 1859 -54 3 
 2 5 1 1858 -54 2 
 1 14 4 1861 -36 3 
 2 5 4 1860 -36 2 
 1 14 1 1863 -54 3 
 2 6 1 1862 -54 2 
 1 14 3 1865 -42 3 
 2 6 3 1864 -42 2 
 1 14 1 1867 -54 3 
 2 7 1 1866 -54 2 
 1 14 2 1869 -48 3 
 2 7 2 1868 -48 2 
 1 14 7 1871 -18 3 
 2 7 7 1870 -18 2 
 1 14 1 1873 -54 3 
 2 8 1 1872 -54 3 
 1 14 6 1875 -24 3 
 2 8 6 1874 -24 3 
 1 14 1 1877 -54 3 
 2 9 1 1876 -54 2 
 1 14 5 1879 -30 3 
 2 9 5 1878 -30 2 
 1 14 1 1881 -54 3 
 2 10 1 1880 -54 2 
 1 14 4 1883 -36 3 
 2 10 4 1882 -36 2 
 1 14 1 1885 -54 3 
 2 11 1 1884 -54 2 
 1 14 3 1887 -42 3 
 2 11 3 1886 -42 2 
 1 14 1 1889 -54 3 
 2 12 1 1888 -54 2 
 1 14 2 1891 -48 3 
 2 12 2 1890 -48 2 
 1 14 1 1893 -54 3 
 2 13 1 1892 -54 3 
 1 14 2 1895 -48 3 
 2 13 2 1894 -48 3 
 1 14 1 1897 -54 3 
 2 14 1 1896 -54 3 
 1 14 2 1899 -48 3 
 2 14 2 1898 -48 3 
 1 14 1 1901 -54 3 
 2 15 1 1900 -54 3 
 1 14 2 1903 -48 3 
 2 15 2 1902 -48 3 
 1 14 1 1905 -54 3 
 2 16 1 1904 -54 3 
 1 14 2 1907 -48 3 
 2 16 2 1906 -48 3 
 1 14 1 1909 -54 3 
 2 17 1 1908 -54 3 
 1 14 2 1911 -48 3 
 2 17 2 1910 -48 3 
 1 14 1 1913 -54 3 
 2 18 1 1912 -54 3 
 1 14 2 1915 -48 3 
 2 18 2 1914 -48 3 
 1 14 1 1917 -54 3 
 2 19 1 1916 -54 3 
 1 15 1 1918 -54 2 
 1 15 9 1919 -6 2 
 1 15 1 1921 -54 2 
 1 16 1 1920 -54 3 
 1 15 8 1923 -12 2 
 1 16 8 1922 -12 3 
 1 15 1 1925 -54 2 
 1 17 1 1924 -54 3 
 1 15 7 1927 -18 2 
 1 17 7 1926 -18 3 
 1 15 1 1929 -54 2 
 1 18 1 1928 -54 3 
 1 15 6 1931 -24 2 
 1 18 6 1930 -24 3 
 1 15 1 1933 -54 2 
 1 19 1 1932 -54 3 
 1 15 2 1935 -48 2 
 1 19 2 1934 -48 3 
 1 15 3 1937 -42 2 
 1 19 3 1936 -42 3 
 1 15 4 1939 -36 2 
 1 19 4 1938 -36 3 
 1 15 5 1941 -30 2 
 1 19 5 1940 -30 3 
 1 15 1 1943 -54 2 
 2 0 1 1942 -54 2 
 1 15 2 1945 -48 2 
 2 0 2 1944 -48 2 
 1 15 3 1947 -42 2 
 2 0 3 1946 -42 2 
 1 15 1 1949 -54 2 
 2 1 1 1948 -54 2 
 1 15 2 1951 -48 2 
 2 1 2 1950 -48 2 
 1 15 1 1953 -54 2 
 2 2 1 1952 -54 2 
 1 15 1 1955 -54 2 
 2 4 1 1954 -54 3 
 1 15 2 1957 -48 2 
 2 4 2 1956 -48 3 
 1 15 3 1959 -42 2 
 2 4 3 1958 -42 3 
 1 15 4 1961 -36 2 
 2 4 4 1960 -36 3 
 1 15 1 1963 -54 2 
 2 5 1 1962 -54 2 
 1 15 2 1965 -48 2 
 2 5 2 1964 -48 2 
 1 15 3 1967 -42 2 
 2 5 3 1966 -42 2 
 1 15 1 1969 -54 2 
 2 6 1 1968 -54 2 
 1 15 2 1971 -48 2 
 2 6 2 1970 -48 2 
 1 15 1 1973 -54 2 
 2 7 1 1972 -54 2 
 1 15 6 1975 -24 2 
 2 7 6 1974 -24 2 
 1 15 1 1977 -54 2 
 2 8 1 1976 -54 3 
 1 15 2 1979 -48 2 
 2 8 2 1978 -48 3 
 1 15 3 1981 -42 2 
 2 8 3 1980 -42 3 
 1 15 4 1983 -36 2 
 2 8 4 1982 -36 3 
 1 15 5 1985 -30 2 
 2 8 5 1984 -30 3 
 1 15 1 1987 -54 2 
 2 9 1 1986 -54 2 
 1 15 2 1989 -48 2 
 2 9 2 1988 -48 2 
 1 15 3 1991 -42 2 
 2 9 3 1990 -42 2 
 1 15 4 1993 -36 2 
 2 9 4 1992 -36 2 
 1 15 1 1995 -54 2 
 2 10 1 1994 -54 2 
 1 15 2 1997 -48 2 
 2 10 2 1996 -48 2 
 1 15 3 1999 -42 2 
 2 10 3 1998 -42 2 
 1 15 1 2001 -54 2 
 2 11 1 2000 -54 2 
 1 15 2 2003 -48 2 
 2 11 2 2002 -48 2 
 1 15 1 2005 -54 2 
 2 12 1 2004 -54 2 
 1 15 1 2007 -54 2 
 2 13 1 2006 -54 3 
 1 15 1 2009 -54 2 
 2 14 1 2008 -54 3 
 1 15 1 2011 -54 2 
 2 15 1 2010 -54 3 
 1 15 1 2013 -54 2 
 2 16 1 2012 -54 3 
 1 15 1 2015 -54 2 
 2 17 1 2014 -54 3 
 1 15 1 2017 -54 2 
 2 18 1 2016 -54 3 
 1 15 1 2019 -54 2 
 2 19 1 2018 -54 3 
 1 15 2 2021 -48 2 
 2 19 2 2020 -48 3 
 1 15 3 2023 -42 2 
 2 19 3 2022 -42 3 
 1 15 4 2025 -36 2 
 2 19 4 2024 -36 3 
 1 16 1 2026 -54 3 
 1 16 7 2027 -18 3 
 1 16 1 2029 -54 3 
 1 17 1 2028 -54 3 
 1 16 6 2031 -24 3 
 1 17 6 2030 -24 3 
 1 16 1 2033 -54 3 
 1 18 1 2032 -54 3 
 1 16 5 2035 -30 3 
 1 18 5 2034 -30 3 
 1 16 1 2037 -54 3 
 1 19 1 2036 -54 3 
 1 16 2 2039 -48 3 
 1 19 2 2038 -48 3 
 1 16 3 2041 -42 3 
 1 19 3 2040 -42 3 
 1 16 4 2043 -36 3 
 1 19 4 2042 -36 3 
 1 16 1 2045 -54 3 
 2 0 1 2044 -54 2 
 1 16 2 2047 -48 3 
 2 0 2 2046 -48 2 
 1 16 4 2049 -36 3 
 2 0 4 2048 -36 2 
 1 16 1 2051 -54 3 
 2 1 1 2050 -54 2 
 1 16 3 2053 -42 3 
 2 1 3 2052 -42 2 
 1 16 2 2055 -48 3 
 2 2 2 2054 -48 2 
 1 16 1 2057 -54 3 
 2 3 1 2056 -54 2 
 1 16 5 2059 -30 3 
 2 3 5 2058 -30 2 
 1 16 1 2061 -54 3 
 2 4 1 2060 -54 3 
 1 16 2 2063 -48 3 
 2 4 2 2062 -48 3 
 1 16 3 2065 -42 3 
 2 4 3 2064 -42 3 
 1 16 4 2067 -36 3 
 2 4 4 2066 -36 3 
 1 16 1 2069 -54 3 
 2 5 1 2068 -54 2 
 1 16 2 2071 -48 3 
 2 5 2 2070 -48 2 
 1 16 3 2073 -42 3 
 2 5 3 2072 -42 2 
 1 16 1 2075 -54 3 
 2 6 1 2074 -54 2 
 1 16 2 2077 -48 3 
 2 6 2 2076 -48 2 
 1 16 1 2079 -54 3 
 2 7 1 2078 -54 2 
 1 16 5 2081 -30 3 
 2 7 5 2080 -30 2 
 1 16 1 2083 -54 3 
 2 8 1 2082 -54 3 
 1 16 2 2085 -48 3 
 2 8 2 2084 -48 3 
 1 16 3 2087 -42 3 
 2 8 3 2086 -42 3 
 1 16 4 2089 -36 3 
 2 8 4 2088 -36 3 
 1 16 1 2091 -54 3 
 2 9 1 2090 -54 2 
 1 16 2 2093 -48 3 
 2 9 2 2092 -48 2 
 1 16 3 2095 -42 3 
 2 9 3 2094 -42 2 
 1 16 4 2097 -36 3 
 2 9 4 2096 -36 2 
 1 16 1 2099 -54 3 
 2 10 1 2098 -54 2 
 1 16 2 2101 -48 3 
 2 10 2 2100 -48 2 
 1 16 3 2103 -42 3 
 2 10 3 2102 -42 2 
 1 16 1 2105 -54 3 
 2 11 1 2104 -54 2 
 1 16 2 2107 -48 3 
 2 11 2 2106 -48 2 
 1 16 1 2109 -54 3 
 2 12 1 2108 -54 2 
 1 16 1 2111 -54 3 
 2 13 1 2110 -54 3 
 1 16 1 2113 -54 3 
 2 14 1 2112 -54 3 
 1 16 1 2115 -54 3 
 2 15 1 2114 -54 3 
 1 16 1 2117 -54 3 
 2 16 1 2116 -54 3 
 1 16 1 2119 -54 3 
 2 17 1 2118 -54 3 
 1 16 1 2121 -54 3 
 2 18 1 2120 -54 3 
 1 16 1 2123 -54 3 
 2 19 1 2122 -54 3 
 1 16 2 2125 -48 3 
 2 19 2 2124 -48 3 
 1 16 3 2127 -42 3 
 2 19 3 2126 -42 3 
 1 17 1 2128 -54 3 
 1 17 5 2129 -30 3 
 1 17 1 2131 -54 3 
 1 18 1 2130 -54 3 
 1 17 4 2133 -36 3 
 1 18 4 2132 -36 3 
 1 17 1 2135 -54 3 
 1 19 1 2134 -54 3 
 1 17 2 2137 -48 3 
 1 19 2 2136 -48 3 
 1 17 3 2139 -42 3 
 1 19 3 2138 -42 3 
 1 17 1 2141 -54 3 
 2 0 1 2140 -54 2 
 1 17 3 2143 -42 3 
 2 0 3 2142 -42 2 
 1 17 2 2145 -48 3 
 2 1 2 2144 -48 2 
 1 17 3 2147 -42 3 
 2 1 3 2146 -42 2 
 1 17 1 2149 -54 3 
 2 2 1 2148 -54 2 
 1 17 2 2151 -48 3 
 2 2 2 2150 -48 2 
 1 17 1 2153 -54 3 
 2 3 1 2152 -54 2 
 1 17 4 2155 -36 3 
 2 3 4 2154 -36 2 
 1 17 1 2157 -54 3 
 2 4 1 2156 -54 3 
 1 17 2 2159 -48 3 
 2 4 2 2158 -48 3 
 1 17 3 2161 -42 3 
 2 4 3 2160 -42 3 
 1 17 1 2163 -54 3 
 2 5 1 2162 -54 2 
 1 17 2 2165 -48 3 
 2 5 2 2164 -48 2 
 1 17 3 2167 -42 3 
 2 5 3 2166 -42 2 
 1 17 1 2169 -54 3 
 2 6 1 2168 -54 2 
 1 17 2 2171 -48 3 
 2 6 2 2170 -48 2 
 1 17 1 2173 -54 3 
 2 7 1 2172 -54 2 
 1 17 4 2175 -36 3 
 2 7 4 2174 -36 2 
 1 17 1 2177 -54 3 
 2 8 1 2176 -54 3 
 1 17 2 2179 -48 3 
 2 8 2 2178 -48 3 
 1 17 3 2181 -42 3 
 2 8 3 2180 -42 3 
 1 17 1 2183 -54 3 
 2 9 1 2182 -54 2 
 1 17 2 2185 -48 3 
 2 9 2 2184 -48 2 
 1 17 3 2187 -42 3 
 2 9 3 2186 -42 2 
 1 17 1 2189 -54 3 
 2 10 1 2188 -54 2 
 1 17 2 2191 -48 3 
 2 10 2 2190 -48 2 
 1 17 3 2193 -42 3 
 2 10 3 2192 -42 2 
 1 17 1 2195 -54 3 
 2 11 1 2194 -54 2 
 1 17 2 2197 -48 3 
 2 11 2 2196 -48 2 
 1 17 1 2199 -54 3 
 2 12 1 2198 -54 2 
 1 17 1 2201 -54 3 
 2 13 1 2200 -54 3 
 1 17 1 2203 -54 3 
 2 14 1 2202 -54 3 
 1 17 1 2205 -54 3 
 2 15 1 2204 -54 3 
 1 17 1 2207 -54 3 
 2 16 1 2206 -54 3 
 1 17 1 2209 -54 3 
 2 17 1 2208 -54 3 
 1 17 1 2211 -54 3 
 2 18 1 2210 -54 3 
 1 17 1 2213 -54 3 
 2 19 1 2212 -54 3 
 1 17 2 2215 -48 3 
 2 19 2 2214 -48 3 
 1 18 1 2216 -54 3 
 1 18 3 2217 -42 3 
 1 18 1 2219 -54 3 
 1 19 1 2218 -54 3 
 1 18 2 2221 -48 3 
 1 19 2 2220 -48 3 
 1 18 2 2223 -48 3 
 2 0 2 2222 -48 2 
 1 18 1 2225 -54 3 
 2 1 1 2224 -54 2 
 1 18 2 2227 -48 3 
 2 1 2 2226 -48 2 
 1 18 1 2229 -54 3 
 2 2 1 2228 -54 2 
 1 18 2 2231 -48 3 
 2 2 2 2230 -48 2 
 1 18 1 2233 -54 3 
 2 3 1 2232 -54 2 
 1 18 3 2235 -42 3 
 2 3 3 2234 -42 2 
 1 18 1 2237 -54 3 
 2 4 1 2236 -54 3 
 1 18 2 2239 -48 3 
 2 4 2 2238 -48 3 
 1 18 1 2241 -54 3 
 2 5 1 2240 -54 2 
 1 18 2 2243 -48 3 
 2 5 2 2242 -48 2 
 1 18 1 2245 -54 3 
 2 6 1 2244 -54 2 
 1 18 2 2247 -48 3 
 2 6 2 2246 -48 2 
 1 18 1 2249 -54 3 
 2 7 1 2248 -54 2 
 1 18 3 2251 -42 3 
 2 7 3 2250 -42 2 
 1 18 1 2253 -54 3 
 2 8 1 2252 -54 3 
 1 18 2 2255 -48 3 
 2 8 2 2254 -48 3 
 1 18 1 2257 -54 3 
 2 9 1 2256 -54 2 
 1 18 2 2259 -48 3 
 2 9 2 2258 -48 2 
 1 18 1 2261 -54 3 
 2 10 1 2260 -54 2 
 1 18 2 2263 -48 3 
 2 10 2 2262 -48 2 
 1 18 1 2265 -54 3 
 2 11 1 2264 -54 2 
 1 18 2 2267 -48 3 
 2 11 2 2266 -48 2 
 1 18 1 2269 -54 3 
 2 12 1 2268 -54 2 
 1 18 1 2271 -54 3 
 2 13 1 2270 -54 3 
 1 18 1 2273 -54 3 
 2 14 1 2272 -54 3 
 1 18 1 2275 -54 3 
 2 15 1 2274 -54 3 
 1 18 1 2277 -54 3 
 2 16 1 2276 -54 3 
 1 18 1 2279 -54 3 
 2 17 1 2278 -54 3 
 1 18 1 2281 -54 3 
 2 18 1 2280 -54 3 
 1 18 1 2283 -54 3 
 2 19 1 2282 -54 3 
 1 19 1 2284 -54 3 
 1 19 1 2286 -54 3 
 2 0 1 2285 -54 2 
 1 19 1 2288 -54 3 
 2 1 1 2287 -54 2 
 1 19 1 2290 -54 3 
 2 2 1 2289 -54 2 
 1 19 1 2292 -54 3 
 2 3 1 2291 -54 2 
 1 19 2 2294 -48 3 
 2 3 2 2293 -48 2 
 1 19 1 2296 -54 3 
 2 4 1 2295 -54 3 
 1 19 1 2298 -54 3 
 2 5 1 2297 -54 2 
 1 19 1 2300 -54 3 
 2 6 1 2299 -54 2 
 1 19 1 2302 -54 3 
 2 7 1 2301 -54 2 
 1 19 2 2304 -48 3 
 2 7 2 2303 -48 2 
 1 19 1 2306 -54 3 
 2 8 1 2305 -54 3 
 1 19 1 2308 -54 3 
 2 9 1 2307 -54 2 
 1 19 1 2310 -54 3 
 2 10 1 2309 -54 2 
 1 19 1 2312 -54 3 
 2 11 1 2311 -54 2 
 1 19 1 2314 -54 3 
 2 12 1 2313 -54 2 
 1 19 2 2316 -48 3 
 2 12 2 2315 -48 2 
 1 19 3 2318 -42 3 
 2 12 3 2317 -42 2 
 1 19 4 2320 -36 3 
 2 12 4 2319 -36 2 
 1 19 5 2322 -30 3 
 2 12 5 2321 -30 2 
 1 19 6 2324 -24 3 
 2 12 6 2323 -24 2 
 1 19 7 2326 -18 3 
 2 12 7 2325 -18 2 
 1 19 1 2328 -54 3 
 2 13 1 2327 -54 3 
 1 19 2 2330 -48 3 
 2 13 2 2329 -48 3 
 1 19 3 2332 -42 3 
 2 13 3 2331 -42 3 
 1 19 4 2334 -36 3 
 2 13 4 2333 -36 3 
 1 19 5 2336 -30 3 
 2 13 5 2335 -30 3 
 1 19 6 2338 -24 3 
 2 13 6 2337 -24 3 
 1 19 1 2340 -54 3 
 2 14 1 2339 -54 3 
 1 19 2 2342 -48 3 
 2 14 2 2341 -48 3 
 1 19 3 2344 -42 3 
 2 14 3 2343 -42 3 
 1 19 4 2346 -36 3 
 2 14 4 2345 -36 3 
 1 19 5 2348 -30 3 
 2 14 5 2347 -30 3 
 1 19 1 2350 -54 3 
 2 15 1 2349 -54 3 
 1 19 2 2352 -48 3 
 2 15 2 2351 -48 3 
 1 19 3 2354 -42 3 
 2 15 3 2353 -42 3 
 1 19 4 2356 -36 3 
 2 15 4 2355 -36 3 
 1 19 1 2358 -54 3 
 2 16 1 2357 -54 3 
 1 19 2 2360 -48 3 
 2 16 2 2359 -48 3 
 1 19 3 2362 -42 3 
 2 16 3 2361 -42 3 
 1 19 1 2364 -54 3 
 2 17 1 2363 -54 3 
 1 19 2 2366 -48 3 
 2 17 2 2365 -48 3 
 1 19 1 2368 -54 3 
 2 18 1 2367 -54 3 
 2 0 1 2369 -54 2 
 2 0 1 2371 -54 2 
 2 1 1 2370 -54 2 
 2 0 1 2373 -54 2 
 2 2 1 2372 -54 2 
 2 0 1 2375 -54 2 
 2 3 1 2374 -54 2 
 2 0 2 2377 -48 2 
 2 3 2 2376 -48 2 
 2 0 1 2379 -54 2 
 2 4 1 2378 -54 3 
 2 0 1 2381 -54 2 
 2 5 1 2380 -54 2 
 2 0 1 2383 -54 2 
 2 6 1 2382 -54 2 
 2 0 1 2385 -54 2 
 2 7 1 2384 -54 2 
 2 0 2 2387 -48 2 
 2 7 2 2386 -48 2 
 2 0 1 2389 -54 2 
 2 8 1 2388 -54 3 
 2 0 1 2391 -54 2 
 2 9 1 2390 -54 2 
 2 0 1 2393 -54 2 
 2 10 1 2392 -54 2 
 2 0 1 2395 -54 2 
 2 11 1 2394 -54 2 
 2 0 5 2397 -30 2 
 2 11 5 2396 -30 2 
 2 0 1 2399 -54 2 
 2 12 1 2398 -54 2 
 2 0 2 2401 -48 2 
 2 12 2 2400 -48 2 
 2 0 3 2403 -42 2 
 2 12 3 2402 -42 2 
 2 0 4 2405 -36 2 
 2 12 4 2404 -36 2 
 2 0 1 2407 -54 2 
 2 13 1 2406 -54 3 
 2 0 2 2409 -48 2 
 2 13 2 2408 -48 3 
 2 0 3 2411 -42 2 
 2 13 3 2410 -42 3 
 2 0 4 2413 -36 2 
 2 13 4 2412 -36 3 
 2 0 1 2415 -54 2 
 2 14 1 2414 -54 3 
 2 0 2 2417 -48 2 
 2 14 2 2416 -48 3 
 2 0 3 2419 -42 2 
 2 14 3 2418 -42 3 
 2 0 4 2421 -36 2 
 2 14 4 2420 -36 3 
 2 0 1 2423 -54 2 
 2 15 1 2422 -54 3 
 2 0 2 2425 -48 2 
 2 15 2 2424 -48 3 
 2 0 3 2427 -42 2 
 2 15 3 2426 -42 3 
 2 0 4 2429 -36 2 
 2 15 4 2428 -36 3 
 2 0 1 2431 -54 2 
 2 16 1 2430 -54 3 
 2 0 2 2433 -48 2 
 2 16 2 2432 -48 3 
 2 0 3 2435 -42 2 
 2 16 3 2434 -42 3 
 2 0 4 2437 -36 2 
 2 16 4 2436 -36 3 
 2 0 1 2439 -54 2 
 2 17 1 2438 -54 3 
 2 0 2 2441 -48 2 
 2 17 2 2440 -48 3 
 2 0 3 2443 -42 2 
 2 17 3 2442 -42 3 
 2 0 1 2445 -54 2 
 2 18 1 2444 -54 3 
 2 0 2 2447 -48 2 
 2 18 2 2446 -48 3 
 2 0 1 2449 -54 2 
 2 19 1 2448 -54 3 
 2 1 1 2450 -54 2 
 2 1 1 2452 -54 2 
 2 2 1 2451 -54 2 
 2 1 1 2454 -54 2 
 2 3 1 2453 -54 2 
 2 1 2 2456 -48 2 
 2 3 2 2455 -48 2 
 2 1 1 2458 -54 2 
 2 4 1 2457 -54 3 
 2 1 1 2460 -54 2 
 2 5 1 2459 -54 2 
 2 1 1 2462 -54 2 
 2 6 1 2461 -54 2 
 2 1 1 2464 -54 2 
 2 7 1 2463 -54 2 
 2 1 2 2466 -48 2 
 2 7 2 2465 -48 2 
 2 1 1 2468 -54 2 
 2 8 1 2467 -54 3 
 2 1 1 2470 -54 2 
 2 9 1 2469 -54 2 
 2 1 1 2472 -54 2 
 2 10 1 2471 -54 2 
 2 1 1 2474 -54 2 
 2 11 1 2473 -54 2 
 2 1 4 2476 -36 2 
 2 11 4 2475 -36 2 
 2 1 1 2478 -54 2 
 2 12 1 2477 -54 2 
 2 1 2 2480 -48 2 
 2 12 2 2479 -48 2 
 2 1 3 2482 -42 2 
 2 12 3 2481 -42 2 
 2 1 1 2484 -54 2 
 2 13 1 2483 -54 3 
 2 1 2 2486 -48 2 
 2 13 2 2485 -48 3 
 2 1 3 2488 -42 2 
 2 13 3 2487 -42 3 
 2 1 1 2490 -54 2 
 2 14 1 2489 -54 3 
 2 1 2 2492 -48 2 
 2 14 2 2491 -48 3 
 2 1 3 2494 -42 2 
 2 14 3 2493 -42 3 
 2 1 1 2496 -54 2 
 2 15 1 2495 -54 3 
 2 1 2 2498 -48 2 
 2 15 2 2497 -48 3 
 2 1 3 2500 -42 2 
 2 15 3 2499 -42 3 
 2 1 1 2502 -54 2 
 2 16 1 2501 -54 3 
 2 1 2 2504 -48 2 
 2 16 2 2503 -48 3 
 2 1 3 2506 -42 2 
 2 16 3 2505 -42 3 
 2 1 1 2508 -54 2 
 2 17 1 2507 -54 3 
 2 1 2 2510 -48 2 
 2 17 2 2509 -48 3 
 2 1 3 2512 -42 2 
 2 17 3 2511 -42 3 
 2 1 1 2514 -54 2 
 2 18 1 2513 -54 3 
 2 1 2 2516 -48 2 
 2 18 2 2515 -48 3 
 2 1 1 2518 -54 2 
 2 19 1 2517 -54 3 
 2 2 1 2519 -54 2 
 2 2 3 2520 -42 2 
 2 2 1 2522 -54 2 
 2 3 1 2521 -54 2 
 2 2 2 2524 -48 2 
 2 3 2 2523 -48 2 
 2 2 1 2526 -54 2 
 2 4 1 2525 -54 3 
 2 2 1 2528 -54 2 
 2 5 1 2527 -54 2 
 2 2 1 2530 -54 2 
 2 6 1 2529 -54 2 
 2 2 3 2532 -42 2 
 2 6 3 2531 -42 2 
 2 2 1 2534 -54 2 
 2 7 1 2533 -54 2 
 2 2 2 2536 -48 2 
 2 7 2 2535 -48 2 
 2 2 1 2538 -54 2 
 2 8 1 2537 -54 3 
 2 2 1 2540 -54 2 
 2 9 1 2539 -54 2 
 2 2 1 2542 -54 2 
 2 10 1 2541 -54 2 
 2 2 1 2544 -54 2 
 2 11 1 2543 -54 2 
 2 2 3 2546 -42 2 
 2 11 3 2545 -42 2 
 2 2 1 2548 -54 2 
 2 12 1 2547 -54 2 
 2 2 2 2550 -48 2 
 2 12 2 2549 -48 2 
 2 2 1 2552 -54 2 
 2 13 1 2551 -54 3 
 2 2 2 2554 -48 2 
 2 13 2 2553 -48 3 
 2 2 1 2556 -54 2 
 2 14 1 2555 -54 3 
 2 2 2 2558 -48 2 
 2 14 2 2557 -48 3 
 2 2 1 2560 -54 2 
 2 15 1 2559 -54 3 
 2 2 2 2562 -48 2 
 2 15 2 2561 -48 3 
 2 2 1 2564 -54 2 
 2 16 1 2563 -54 3 
 2 2 2 2566 -48 2 
 2 16 2 2565 -48 3 
 2 2 1 2568 -54 2 
 2 17 1 2567 -54 3 
 2 2 2 2570 -48 2 
 2 17 2 2569 -48 3 
 2 2 1 2572 -54 2 
 2 18 1 2571 -54 3 
 2 2 2 2574 -48 2 
 2 18 2 2573 -48 3 
 2 2 1 2576 -54 2 
 2 19 1 2575 -54 3 
 2 3 1 2577 -54 2 
 2 3 3 2578 -42 2 
 2 3 1 2580 -54 2 
 2 4 1 2579 -54 3 
 2 3 2 2582 -48 2 
 2 4 2 2581 -48 3 
 2 3 1 2584 -54 2 
 2 5 1 2583 -54 2 
 2 3 2 2586 -48 2 
 2 5 2 2585 -48 2 
 2 3 1 2588 -54 2 
 2 6 1 2587 -54 2 
 2 3 2 2590 -48 2 
 2 6 2 2589 -48 2 
 2 3 1 2592 -54 2 
 2 7 1 2591 -54 2 
 2 3 3 2594 -42 2 
 2 7 3 2593 -42 2 
 2 3 1 2596 -54 2 
 2 8 1 2595 -54 3 
 2 3 2 2598 -48 2 
 2 8 2 2597 -48 3 
 2 3 1 2600 -54 2 
 2 9 1 2599 -54 2 
 2 3 2 2602 -48 2 
 2 9 2 2601 -48 2 
 2 3 1 2604 -54 2 
 2 10 1 2603 -54 2 
 2 3 2 2606 -48 2 
 2 10 2 2605 -48 2 
 2 3 1 2608 -54 2 
 2 11 1 2607 -54 2 
 2 3 2 2610 -48 2 
 2 11 2 2609 -48 2 
 2 3 1 2612 -54 2 
 2 12 1 2611 -54 2 
 2 3 1 2614 -54 2 
 2 13 1 2613 -54 3 
 2 3 1 2616 -54 2 
 2 14 1 2615 -54 3 
 2 3 1 2618 -54 2 
 2 15 1 2617 -54 3 
 2 3 1 2620 -54 2 
 2 16 1 2619 -54 3 
 2 3 5 2622 -30 2 
 2 16 5 2621 -30 3 
 2 3 1 2624 -54 2 
 2 17 1 2623 -54 3 
 2 3 4 2626 -36 2 
 2 17 4 2625 -36 3 
 2 3 1 2628 -54 2 
 2 18 1 2627 -54 3 
 2 3 3 2630 -42 2 
 2 18 3 2629 -42 3 
 2 3 1 2632 -54 2 
 2 19 1 2631 -54 3 
 2 3 2 2634 -48 2 
 2 19 2 2633 -48 3 
 2 4 1 2635 -54 3 
 2 4 1 2637 -54 3 
 2 5 1 2636 -54 2 
 2 4 1 2639 -54 3 
 2 6 1 2638 -54 2 
 2 4 1 2641 -54 3 
 2 7 1 2640 -54 2 
 2 4 2 2643 -48 3 
 2 7 2 2642 -48 2 
 2 4 1 2645 -54 3 
 2 8 1 2644 -54 3 
 2 4 1 2647 -54 3 
 2 9 1 2646 -54 2 
 2 4 1 2649 -54 3 
 2 10 1 2648 -54 2 
 2 4 1 2651 -54 3 
 2 11 1 2650 -54 2 
 2 4 5 2653 -30 3 
 2 11 5 2652 -30 2 
 2 4 1 2655 -54 3 
 2 12 1 2654 -54 2 
 2 4 2 2657 -48 3 
 2 12 2 2656 -48 2 
 2 4 3 2659 -42 3 
 2 12 3 2658 -42 2 
 2 4 4 2661 -36 3 
 2 12 4 2660 -36 2 
 2 4 1 2663 -54 3 
 2 13 1 2662 -54 3 
 2 4 2 2665 -48 3 
 2 13 2 2664 -48 3 
 2 4 3 2667 -42 3 
 2 13 3 2666 -42 3 
 2 4 4 2669 -36 3 
 2 13 4 2668 -36 3 
 2 4 1 2671 -54 3 
 2 14 1 2670 -54 3 
 2 4 2 2673 -48 3 
 2 14 2 2672 -48 3 
 2 4 3 2675 -42 3 
 2 14 3 2674 -42 3 
 2 4 4 2677 -36 3 
 2 14 4 2676 -36 3 
 2 4 1 2679 -54 3 
 2 15 1 2678 -54 3 
 2 4 2 2681 -48 3 
 2 15 2 2680 -48 3 
 2 4 3 2683 -42 3 
 2 15 3 2682 -42 3 
 2 4 4 2685 -36 3 
 2 15 4 2684 -36 3 
 2 4 1 2687 -54 3 
 2 16 1 2686 -54 3 
 2 4 2 2689 -48 3 
 2 16 2 2688 -48 3 
 2 4 3 2691 -42 3 
 2 16 3 2690 -42 3 
 2 4 4 2693 -36 3 
 2 16 4 2692 -36 3 
 2 4 1 2695 -54 3 
 2 17 1 2694 -54 3 
 2 4 2 2697 -48 3 
 2 17 2 2696 -48 3 
 2 4 3 2699 -42 3 
 2 17 3 2698 -42 3 
 2 4 1 2701 -54 3 
 2 18 1 2700 -54 3 
 2 4 2 2703 -48 3 
 2 18 2 2702 -48 3 
 2 4 1 2705 -54 3 
 2 19 1 2704 -54 3 
 2 5 1 2706 -54 2 
 2 5 1 2708 -54 2 
 2 6 1 2707 -54 2 
 2 5 1 2710 -54 2 
 2 7 1 2709 -54 2 
 2 5 2 2712 -48 2 
 2 7 2 2711 -48 2 
 2 5 1 2714 -54 2 
 2 8 1 2713 -54 3 
 2 5 1 2716 -54 2 
 2 9 1 2715 -54 2 
 2 5 1 2718 -54 2 
 2 10 1 2717 -54 2 
 2 5 1 2720 -54 2 
 2 11 1 2719 -54 2 
 2 5 4 2722 -36 2 
 2 11 4 2721 -36 2 
 2 5 1 2724 -54 2 
 2 12 1 2723 -54 2 
 2 5 2 2726 -48 2 
 2 12 2 2725 -48 2 
 2 5 3 2728 -42 2 
 2 12 3 2727 -42 2 
 2 5 1 2730 -54 2 
 2 13 1 2729 -54 3 
 2 5 2 2732 -48 2 
 2 13 2 2731 -48 3 
 2 5 3 2734 -42 2 
 2 13 3 2733 -42 3 
 2 5 1 2736 -54 2 
 2 14 1 2735 -54 3 
 2 5 2 2738 -48 2 
 2 14 2 2737 -48 3 
 2 5 3 2740 -42 2 
 2 14 3 2739 -42 3 
 2 5 1 2742 -54 2 
 2 15 1 2741 -54 3 
 2 5 2 2744 -48 2 
 2 15 2 2743 -48 3 
 2 5 3 2746 -42 2 
 2 15 3 2745 -42 3 
 2 5 1 2748 -54 2 
 2 16 1 2747 -54 3 
 2 5 2 2750 -48 2 
 2 16 2 2749 -48 3 
 2 5 3 2752 -42 2 
 2 16 3 2751 -42 3 
 2 5 1 2754 -54 2 
 2 17 1 2753 -54 3 
 2 5 2 2756 -48 2 
 2 17 2 2755 -48 3 
 2 5 3 2758 -42 2 
 2 17 3 2757 -42 3 
 2 5 1 2760 -54 2 
 2 18 1 2759 -54 3 
 2 5 2 2762 -48 2 
 2 18 2 2761 -48 3 
 2 5 1 2764 -54 2 
 2 19 1 2763 -54 3 
 2 6 1 2765 -54 2 
 2 6 3 2766 -42 2 
 2 6 1 2768 -54 2 
 2 7 1 2767 -54 2 
 2 6 2 2770 -48 2 
 2 7 2 2769 -48 2 
 2 6 1 2772 -54 2 
 2 8 1 2771 -54 3 
 2 6 1 2774 -54 2 
 2 9 1 2773 -54 2 
 2 6 1 2776 -54 2 
 2 10 1 2775 -54 2 
 2 6 1 2778 -54 2 
 2 11 1 2777 -54 2 
 2 6 3 2780 -42 2 
 2 11 3 2779 -42 2 
 2 6 1 2782 -54 2 
 2 12 1 2781 -54 2 
 2 6 2 2784 -48 2 
 2 12 2 2783 -48 2 
 2 6 1 2786 -54 2 
 2 13 1 2785 -54 3 
 2 6 2 2788 -48 2 
 2 13 2 2787 -48 3 
 2 6 1 2790 -54 2 
 2 14 1 2789 -54 3 
 2 6 2 2792 -48 2 
 2 14 2 2791 -48 3 
 2 6 1 2794 -54 2 
 2 15 1 2793 -54 3 
 2 6 2 2796 -48 2 
 2 15 2 2795 -48 3 
 2 6 1 2798 -54 2 
 2 16 1 2797 -54 3 
 2 6 2 2800 -48 2 
 2 16 2 2799 -48 3 
 2 6 1 2802 -54 2 
 2 17 1 2801 -54 3 
 2 6 2 2804 -48 2 
 2 17 2 2803 -48 3 
 2 6 1 2806 -54 2 
 2 18 1 2805 -54 3 
 2 6 2 2808 -48 2 
 2 18 2 2807 -48 3 
 2 6 1 2810 -54 2 
 2 19 1 2809 -54 3 
 2 7 1 2811 -54 2 
 2 7 3 2812 -42 2 
 2 7 1 2814 -54 2 
 2 8 1 2813 -54 3 
 2 7 2 2816 -48 2 
 2 8 2 2815 -48 3 
 2 7 1 2818 -54 2 
 2 9 1 2817 -54 2 
 2 7 2 2820 -48 2 
 2 9 2 2819 -48 2 
 2 7 1 2822 -54 2 
 2 10 1 2821 -54 2 
 2 7 2 2824 -48 2 
 2 10 2 2823 -48 2 
 2 7 1 2826 -54 2 
 2 11 1 2825 -54 2 
 2 7 2 2828 -48 2 
 2 11 2 2827 -48 2 
 2 7 1 2830 -54 2 
 2 12 1 2829 -54 2 
 2 7 1 2832 -54 2 
 2 13 1 2831 -54 3 
 2 7 1 2834 -54 2 
 2 14 1 2833 -54 3 
 2 7 1 2836 -54 2 
 2 15 1 2835 -54 3 
 2 7 6 2838 -24 2 
 2 15 6 2837 -24 3 
 2 7 1 2840 -54 2 
 2 16 1 2839 -54 3 
 2 7 5 2842 -30 2 
 2 16 5 2841 -30 3 
 2 7 1 2844 -54 2 
 2 17 1 2843 -54 3 
 2 7 4 2846 -36 2 
 2 17 4 2845 -36 3 
 2 7 1 2848 -54 2 
 2 18 1 2847 -54 3 
 2 7 3 2850 -42 2 
 2 18 3 2849 -42 3 
 2 7 1 2852 -54 2 
 2 19 1 2851 -54 3 
 2 7 2 2854 -48 2 
 2 19 2 2853 -48 3 
 2 8 1 2855 -54 3 
 2 8 9 2856 -6 3 
 2 8 1 2858 -54 3 
 2 9 1 2857 -54 2 
 2 8 8 2860 -12 3 
 2 9 8 2859 -12 2 
 2 8 1 2862 -54 3 
 2 10 1 2861 -54 2 
 2 8 7 2864 -18 3 
 2 10 7 2863 -18 2 
 2 8 1 2866 -54 3 
 2 11 1 2865 -54 2 
 2 8 6 2868 -24 3 
 2 11 6 2867 -24 2 
 2 8 1 2870 -54 3 
 2 12 1 2869 -54 2 
 2 8 2 2872 -48 3 
 2 12 2 2871 -48 2 
 2 8 3 2874 -42 3 
 2 12 3 2873 -42 2 
 2 8 4 2876 -36 3 
 2 12 4 2875 -36 2 
 2 8 5 2878 -30 3 
 2 12 5 2877 -30 2 
 2 8 1 2880 -54 3 
 2 13 1 2879 -54 3 
 2 8 2 2882 -48 3 
 2 13 2 2881 -48 3 
 2 8 3 2884 -42 3 
 2 13 3 2883 -42 3 
 2 8 4 2886 -36 3 
 2 13 4 2885 -36 3 
 2 8 5 2888 -30 3 
 2 13 5 2887 -30 3 
 2 8 1 2890 -54 3 
 2 14 1 2889 -54 3 
 2 8 2 2892 -48 3 
 2 14 2 2891 -48 3 
 2 8 3 2894 -42 3 
 2 14 3 2893 -42 3 
 2 8 4 2896 -36 3 
 2 14 4 2895 -36 3 
 2 8 5 2898 -30 3 
 2 14 5 2897 -30 3 
 2 8 1 2900 -54 3 
 2 15 1 2899 -54 3 
 2 8 2 2902 -48 3 
 2 15 2 2901 -48 3 
 2 8 3 2904 -42 3 
 2 15 3 2903 -42 3 
 2 8 4 2906 -36 3 
 2 15 4 2905 -36 3 
 2 8 5 2908 -30 3 
 2 15 5 2907 -30 3 
 2 8 1 2910 -54 3 
 2 16 1 2909 -54 3 
 2 8 2 2912 -48 3 
 2 16 2 2911 -48 3 
 2 8 3 2914 -42 3 
 2 16 3 2913 -42 3 
 2 8 4 2916 -36 3 
 2 16 4 2915 -36 3 
 2 8 1 2918 -54 3 
 2 17 1 2917 -54 3 
 2 8 2 2920 -48 3 
 2 17 2 2919 -48 3 
 2 8 3 2922 -42 3 
 2 17 3 2921 -42 3 
 2 8 1 2924 -54 3 
 2 18 1 2923 -54 3 
 2 8 2 2926 -48 3 
 2 18 2 2925 -48 3 
 2 8 1 2928 -54 3 
 2 19 1 2927 -54 3 
 2 9 1 2929 -54 2 
 2 9 7 2930 -18 2 
 2 9 1 2932 -54 2 
 2 10 1 2931 -54 2 
 2 9 6 2934 -24 2 
 2 10 6 2933 -24 2 
 2 9 1 2936 -54 2 
 2 11 1 2935 -54 2 
 2 9 5 2938 -30 2 
 2 11 5 2937 -30 2 
 2 9 1 2940 -54 2 
 2 12 1 2939 -54 2 
 2 9 2 2942 -48 2 
 2 12 2 2941 -48 2 
 2 9 3 2944 -42 2 
 2 12 3 2943 -42 2 
 2 9 4 2946 -36 2 
 2 12 4 2945 -36 2 
 2 9 1 2948 -54 2 
 2 13 1 2947 -54 3 
 2 9 2 2950 -48 2 
 2 13 2 2949 -48 3 
 2 9 3 2952 -42 2 
 2 13 3 2951 -42 3 
 2 9 4 2954 -36 2 
 2 13 4 2953 -36 3 
 2 9 1 2956 -54 2 
 2 14 1 2955 -54 3 
 2 9 2 2958 -48 2 
 2 14 2 2957 -48 3 
 2 9 3 2960 -42 2 
 2 14 3 2959 -42 3 
 2 9 4 2962 -36 2 
 2 14 4 2961 -36 3 
 2 9 1 2964 -54 2 
 2 15 1 2963 -54 3 
 2 9 2 2966 -48 2 
 2 15 2 2965 -48 3 
 2 9 3 2968 -42 2 
 2 15 3 2967 -42 3 
 2 9 4 2970 -36 2 
 2 15 4 2969 -36 3 
 2 9 1 2972 -54 2 
 2 16 1 2971 -54 3 
 2 9 2 2974 -48 2 
 2 16 2 2973 -48 3 
 2 9 3 2976 -42 2 
 2 16 3 2975 -42 3 
 2 9 4 2978 -36 2 
 2 16 4 2977 -36 3 
 2 9 1 2980 -54 2 
 2 17 1 2979 -54 3 
 2 9 2 2982 -48 2 
 2 17 2 2981 -48 3 
 2 9 3 2984 -42 2 
 2 17 3 2983 -42 3 
 2 9 1 2986 -54 2 
 2 18 1 2985 -54 3 
 2 9 2 2988 -48 2 
 2 18 2 2987 -48 3 
 2 9 1 2990 -54 2 
 2 19 1 2989 -54 3 
 2 10 1 2991 -54 2 
 2 10 5 2992 -30 2 
 2 10 1 2994 -54 2 
 2 11 1 2993 -54 2 
 2 10 4 2996 -36 2 
 2 11 4 2995 -36 2 
 2 10 1 2998 -54 2 
 2 12 1 2997 -54 2 
 2 10 2 3000 -48 2 
 2 12 2 2999 -48 2 
 2 10 3 3002 -42 2 
 2 12 3 3001 -42 2 
 2 10 1 3004 -54 2 
 2 13 1 3003 -54 3 
 2 10 2 3006 -48 2 
 2 13 2 3005 -48 3 
 2 10 3 3008 -42 2 
 2 13 3 3007 -42 3 
 2 10 1 3010 -54 2 
 2 14 1 3009 -54 3 
 2 10 2 3012 -48 2 
 2 14 2 3011 -48 3 
 2 10 3 3014 -42 2 
 2 14 3 3013 -42 3 
 2 10 1 3016 -54 2 
 2 15 1 3015 -54 3 
 2 10 2 3018 -48 2 
 2 15 2 3017 -48 3 
 2 10 3 3020 -42 2 
 2 15 3 3019 -42 3 
 2 10 1 3022 -54 2 
 2 16 1 3021 -54 3 
 2 10 2 3024 -48 2 
 2 16 2 3023 -48 3 
 2 10 3 3026 -42 2 
 2 16 3 3025 -42 3 
 2 10 1 3028 -54 2 
 2 17 1 3027 -54 3 
 2 10 2 3030 -48 2 
 2 17 2 3029 -48 3 
 2 10 3 3032 -42 2 
 2 17 3 3031 -42 3 
 2 10 1 3034 -54 2 
 2 18 1 3033 -54 3 
 2 10 2 3036 -48 2 
 2 18 2 3035 -48 3 
 2 10 1 3038 -54 2 
 2 19 1 3037 -54 3 
 2 11 1 3039 -54 2 
 2 11 3 3040 -42 2 
 2 11 1 3042 -54 2 
 2 12 1 3041 -54 2 
 2 11 2 3044 -48 2 
 2 12 2 3043 -48 2 
 2 11 1 3046 -54 2 
 2 13 1 3045 -54 3 
 2 11 2 3048 -48 2 
 2 13 2 3047 -48 3 
 2 11 1 3050 -54 2 
 2 14 1 3049 -54 3 
 2 11 2 3052 -48 2 
 2 14 2 3051 -48 3 
 2 11 1 3054 -54 2 
 2 15 1 3053 -54 3 
 2 11 2 3056 -48 2 
 2 15 2 3055 -48 3 
 2 11 1 3058 -54 2 
 2 16 1 3057 -54 3 
 2 11 2 3060 -48 2 
 2 16 2 3059 -48 3 
 2 11 1 3062 -54 2 
 2 17 1 3061 -54 3 
 2 11 2 3064 -48 2 
 2 17 2 3063 -48 3 
 2 11 1 3066 -54 2 
 2 18 1 3065 -54 3 
 2 11 2 3068 -48 2 
 2 18 2 3067 -48 3 
 2 11 1 3070 -54 2 
 2 19 1 3069 -54 3 
 2 11 6 3072 -24 2 
 2 19 6 3071 -24 3 
 2 12 1 3073 -54 2 
 2 12 1 3075 -54 2 
 2 13 1 3074 -54 3 
 2 12 1 3077 -54 2 
 2 14 1 3076 -54 3 
 2 12 1 3079 -54 2 
 2 15 1 3078 -54 3 
 2 12 1 3081 -54 2 
 2 16 1 3080 -54 3 
 2 12 1 3083 -54 2 
 2 17 1 3082 -54 3 
 2 12 1 3085 -54 2 
 2 18 1 3084 -54 3 
 2 12 1 3087 -54 2 
 2 19 1 3086 -54 3 
 2 12 2 3089 -48 2 
 2 19 2 3088 -48 3 
 2 12 3 3091 -42 2 
 2 19 3 3090 -42 3 
 2 12 4 3093 -36 2 
 2 19 4 3092 -36 3 
 2 12 5 3095 -30 2 
 2 19 5 3094 -30 3 
 2 13 1 3096 -54 3 
 2 13 1 3098 -54 3 
 2 14 1 3097 -54 3 
 2 13 1 3100 -54 3 
 2 15 1 3099 -54 3 
 2 13 1 3102 -54 3 
 2 16 1 3101 -54 3 
 2 13 1 3104 -54 3 
 2 17 1 3103 -54 3 
 2 13 1 3106 -54 3 
 2 18 1 3105 -54 3 
 2 13 1 3108 -54 3 
 2 19 1 3107 -54 3 
 2 13 2 3110 -48 3 
 2 19 2 3109 -48 3 
 2 13 3 3112 -42 3 
 2 19 3 3111 -42 3 
 2 13 4 3114 -36 3 
 2 19 4 3113 -36 3 
 2 13 5 3116 -30 3 
 2 19 5 3115 -30 3 
 2 14 1 3117 -54 3 
 2 14 1 3119 -54 3 
 2 15 1 3118 -54 3 
 2 14 1 3121 -54 3 
 2 16 1 3120 -54 3 
 2 14 1 3123 -54 3 
 2 17 1 3122 -54 3 
 2 14 1 3125 -54 3 
 2 18 1 3124 -54 3 
 2 14 1 3127 -54 3 
 2 19 1 3126 -54 3 
 2 14 2 3129 -48 3 
 2 19 2 3128 -48 3 
 2 14 3 3131 -42 3 
 2 19 3 3130 -42 3 
 2 14 4 3133 -36 3 
 2 19 4 3132 -36 3 
 2 14 5 3135 -30 3 
 2 19 5 3134 -30 3 
 2 15 1 3136 -54 3 
 2 15 9 3137 -6 3 
 2 15 1 3139 -54 3 
 2 16 1 3138 -54 3 
 2 15 8 3141 -12 3 
 2 16 8 3140 -12 3 
 2 15 1 3143 -54 3 
 2 17 1 3142 -54 3 
 2 15 7 3145 -18 3 
 2 17 7 3144 -18 3 
 2 15 1 3147 -54 3 
 2 18 1 3146 -54 3 
 2 15 6 3149 -24 3 
 2 18 6 3148 -24 3 
 2 15 1 3151 -54 3 
 2 19 1 3150 -54 3 
 2 15 2 3153 -48 3 
 2 19 2 3152 -48 3 
 2 15 3 3155 -42 3 
 2 19 3 3154 -42 3 
 2 15 4 3157 -36 3 
 2 19 4 3156 -36 3 
 2 15 5 3159 -30 3 
 2 19 5 3158 -30 3 
 2 16 1 3160 -54 3 
 2 16 7 3161 -18 3 
 2 16 1 3163 -54 3 
 2 17 1 3162 -54 3 
 2 16 6 3165 -24 3 
 2 17 6 3164 -24 3 
 2 16 1 3167 -54 3 
 2 18 1 3166 -54 3 
 2 16 5 3169 -30 3 
 2 18 5 3168 -30 3 
 2 16 1 3171 -54 3 
 2 19 1 3170 -54 3 
 2 16 2 3173 -48 3 
 2 19 2 3172 -48 3 
 2 16 3 3175 -42 3 
 2 19 3 3174 -42 3 
 2 16 4 3177 -36 3 
 2 19 4 3176 -36 3 
 2 17 1 3178 -54 3 
 2 17 5 3179 -30 3 
 2 17 1 3181 -54 3 
 2 18 1 3180 -54 3 
 2 17 4 3183 -36 3 
 2 18 4 3182 -36 3 
 2 17 1 3185 -54 3 
 2 19 1 3184 -54 3 
 2 17 2 3187 -48 3 
 2 19 2 3186 -48 3 
 2 17 3 3189 -42 3 
 2 19 3 3188 -42 3 
 2 18 1 3190 -54 3 
 2 18 3 3191 -42 3 
 2 18 1 3193 -54 3 
 2 19 1 3192 -54 3 
 2 18 2 3195 -48 3 
 2 19 2 3194 -48 3 
 2 19 1 3196 -54 3 
